2015 12 01 00 00 00    334.00000  -405.402843  6679.909267 -1701.349103  -21.765
2015 12 01 01 00 00    334.04167  4927.873490 -3849.858913  2954.156479  -21.924
2015 12 01 02 00 00    334.08333 -6350.745488 -1430.602079 -2318.513924  -22.089
2015 12 01 03 00 00    334.12500  3786.209906  5773.343504   217.794084  -22.222
2015 12 01 04 00 00    334.16667  1174.646202 -6506.916847  2033.017537  -22.353
2015 12 01 05 00 00    334.20833 -5393.164343  3118.850567 -2980.526138  -22.516
2015 12 01 06 00 00    334.25000  6226.593138  2199.111382  2040.056809  -22.678
2015 12 01 07 00 00    334.29167 -3133.806232 -6161.615373   210.593076  -22.807
2015 12 01 08 00 00    334.33333 -1922.485269  6214.507914 -2315.712573  -22.942
2015 12 01 09 00 00    334.37500  5780.357584 -2381.323126  2955.778812  -23.109
2015 12 01 10 00 00    334.41667 -5999.996046 -2977.439098 -1705.185728  -23.266
2015 12 01 11 00 00    334.45833  2453.791482  6426.458962  -619.104218  -23.392
2015 12 01 12 00 00    334.50000  2651.940407 -5853.139642  2560.546374  -23.533
2015 12 01 13 00 00    334.54167 -6086.248319  1572.181780 -2862.968425  -23.702
2015 12 01 14 00 00    334.58333  5700.334997  3664.578091  1353.377604  -23.853
2015 12 01 15 00 00    334.62500 -1714.726568 -6620.923063  1030.318436  -23.978
2015 12 01 16 00 00    334.66667 -3341.453235  5382.438127 -2746.666271  -24.125
2015 12 01 17 00 00    334.70833  6306.618528  -782.962913  2724.127111  -24.295
2015 12 01 18 00 00    334.75000 -5298.837134 -4335.489536  -956.933647  -24.440
2015 12 01 19 00 00    334.79167   967.205181  6691.775593 -1406.912369  -24.565
2015 12 01 20 00 00    334.83333  3989.270652 -4857.778537  2886.106673  -24.717
2015 12 01 21 00 00    334.87500 -6432.631185   -55.727066 -2518.871470  -24.886
2015 12 01 22 00 00    334.91667  4838.652224  4900.563376   559.677229  -25.026
2015 12 01 23 00 00    334.95833  -183.373121 -6684.336724  1768.809779  -25.153
2015 12 02 00 00 00    335.00000 -4579.061897  4237.311185 -2960.133364  -25.310
2015 12 02 01 00 00    335.04167  6472.113508   848.698530  2277.369775  -25.477
2015 12 02 02 00 00    335.08333 -4283.535076 -5425.697920  -132.886374  -25.611
2015 12 02 03 00 00    335.12500  -589.190064  6557.493222 -2083.228640  -25.740
2015 12 02 04 00 00    335.16667  5107.638669 -3583.592105  2983.978820  -25.903
2015 12 02 05 00 00    335.20833 -6407.976138 -1667.010813 -1975.422541  -26.065
2015 12 02 06 00 00    335.25000  3687.275311  5835.666086  -278.267283  -26.195
2015 12 02 07 00 00    335.29167  1372.912745 -6352.380467  2367.753306  -26.329
2015 12 02 08 00 00    335.33333 -5561.224045  2850.756428 -2939.244391  -26.495
2015 12 02 09 00 00    335.37500  6262.515141  2416.336106  1650.680627  -26.652
2015 12 02 10 00 00    335.41667 -3009.177058 -6186.158707   701.818723  -26.778
2015 12 02 11 00 00    335.45833 -2125.600440  6036.023879 -2594.499381  -26.917
2015 12 02 12 00 00    335.50000  5939.343616 -2109.098824  2846.376369  -27.085
2015 12 02 13 00 00    335.54167 -6009.041080 -3166.141001 -1275.570315  -27.237
2015 12 02 14 00 00    335.58333  2309.660395  6417.509801 -1094.114242  -27.361
2015 12 02 15 00 00    335.62500  2863.927114 -5649.175870  2779.869193  -27.505
2015 12 02 16 00 00    335.66667 -6227.464388  1307.764903 -2685.647644  -27.674
2015 12 02 17 00 00    335.70833  5685.077377  3827.693487   893.508682  -27.819
2015 12 02 18 00 00    335.75000 -1546.881057 -6575.578544  1481.201245  -27.943
2015 12 02 19 00 00    335.79167 -3551.939418  5162.747945 -2900.258888  -28.092
2015 12 02 20 00 00    335.83333  6432.140118  -523.616771  2484.067580  -28.260
2015 12 02 21 00 00    335.87500 -5254.388339 -4465.631938  -474.651880  -28.400
2015 12 02 22 00 00    335.91667   783.648520  6615.609386 -1823.243826  -28.524
2015 12 02 23 00 00    335.95833  4201.783504 -4620.510623  2972.624691  -28.679
2015 12 03 00 00 00    336.00000 -6534.730120  -298.635786 -2219.377010  -28.844
2015 12 03 01 00 00    336.04167  4768.780864  5001.064516    65.697991  -28.978
2015 12 03 02 00 00    336.08333    20.044499 -6575.371995  2143.672196  -29.104
2015 12 03 03 00 00    336.12500 -4783.096867  3993.400257 -2976.310937  -29.263
2015 12 03 04 00 00    336.16667  6552.659705  1078.222982  1925.558542  -29.425
2015 12 03 05 00 00    336.20833 -4183.825070 -5491.157244   363.976820  -29.553
2015 12 03 06 00 00    336.25000  -802.851183  6422.789195 -2407.905502  -29.683
2015 12 03 07 00 00    336.29167  5306.084462 -3330.666732  2930.778665  -29.846
2015 12 03 08 00 00    336.33333 -6460.327206 -1873.052614 -1577.288899  -30.002
2015 12 03 09 00 00    336.37500  3563.161453  5870.038416  -767.247492  -30.126
2015 12 03 10 00 00    336.41667  1600.780373 -6190.294556  2636.908641  -30.261
2015 12 03 11 00 00    336.45833 -5744.037621  2600.325375 -2816.620031  -30.425
2015 12 03 12 00 00    336.50000  6288.861217  2602.168841  1214.887867  -30.576
2015 12 03 13 00 00    336.54167 -2856.527533 -6185.762714  1173.967847  -30.697
2015 12 03 14 00 00    336.58333 -2356.892809  5855.113693 -2801.800080  -30.837
2015 12 03 15 00 00    336.62500  6108.796139 -1858.257783  2657.574698  -31.002
2015 12 03 16 00 00    336.66667 -6003.767320 -3323.424515  -810.174100  -31.146
2015 12 03 17 00 00    336.70833  2135.825751  6387.204278 -1539.371977  -31.266
2015 12 03 18 00 00    336.75000  3102.234537 -5447.633202  2921.973620  -31.410
2015 12 03 19 00 00    336.79167 -6374.452964  1067.873493 -2433.784180  -31.575
2015 12 03 20 00 00    336.83333  5651.301476  3959.915108   408.185404  -31.712
2015 12 03 21 00 00    336.87500 -1347.906717 -6512.910720  1891.255396  -31.832
2015 12 03 22 00 00    336.91667 -3785.940005  4950.411846 -2973.733430  -31.981
2015 12 03 23 00 00    336.95833  6558.549712  -291.355255  2174.501482  -32.143
2015 12 04 00 00 00    337.00000 -5187.337875 -4566.412404    21.248288  -32.274
2015 12 04 01 00 00    337.04167   568.762531  6526.593862 -2189.520169  -32.396
2015 12 04 02 00 00    337.08333  4434.525572 -4395.085604  2976.362974  -32.549
2015 12 04 03 00 00    337.12500 -6632.691197  -512.774265 -1858.056995  -32.707
2015 12 04 04 00 00    337.16667  4673.065972  5074.215600  -430.752720  -32.832
2015 12 04 05 00 00    337.20833   254.614946 -6458.187923  2459.139529  -32.956
2015 12 04 06 00 00    337.25000 -5003.405498  3765.566242 -2910.065390  -33.113
2015 12 04 07 00 00    337.29167  6624.106820  1277.812205  1519.634128  -33.266
2015 12 04 08 00 00    337.33333 -4055.278595 -5532.154163   851.146581  -33.386
2015 12 04 09 00 00    337.37500 -1046.334474  6284.742564 -2666.196768  -33.514
2015 12 04 10 00 00    337.41667  5516.402258 -3097.528356  2795.759158  -33.673
2015 12 04 11 00 00    337.45833 -6498.706246 -2049.051760 -1134.985265  -33.820
2015 12 04 12 00 00    337.50000  3408.282432  5883.226290 -1235.524600  -33.936
2015 12 04 13 00 00    337.54167  1856.664249 -6029.624613  2832.765497  -34.068
2015 12 04 14 00 00    337.58333 -5933.967481  2372.796768 -2615.781532  -34.228
2015 12 04 15 00 00    337.62500  6296.733003  2758.286264   744.666957  -34.368
2015 12 04 16 00 00    337.66667 -2671.544575 -6168.096800  1613.816206  -34.482
2015 12 04 17 00 00    337.70833 -2613.439881  5680.370185 -2931.639143  -34.619
2015 12 04 18 00 00    337.75000  6280.288935 -1632.912963  2394.370318  -34.778
2015 12 04 19 00 00    337.79167 -5975.786435 -3452.423819  -321.825525  -34.910
2015 12 04 20 00 00    337.83333  1929.257244  6343.811293 -1942.403279  -35.024
2015 12 04 21 00 00    337.87500  3362.500690 -5256.680099  2982.643231  -35.165
2015 12 04 22 00 00    337.91667 -6518.362694   855.185945 -2114.115476  -35.321
2015 12 04 23 00 00    337.95833  5591.263000  4065.621187   -89.147491  -35.447
2015 12 05 00 00 00    338.00000 -1116.256026 -6441.677410  2248.908482  -35.561
2015 12 05 01 00 00    338.04167 -4037.944073  4752.784029 -2964.790978  -35.706
2015 12 05 02 00 00    338.08333  6676.657152   -87.548254  1803.832863  -35.858
2015 12 05 03 00 00    338.12500 -5090.872112 -4643.455373   516.993022  -35.978
2015 12 05 04 00 00    338.16667   322.386020  6433.636091 -2495.402595  -36.094
2015 12 05 05 00 00    338.20833  4680.784360 -4188.039867  2896.944735  -36.242
2015 12 05 06 00 00    338.25000 -6717.354415  -698.292953 -1444.743832  -36.389
2015 12 05 07 00 00    338.29167  4545.710905  5126.637694  -915.843625  -36.503
2015 12 05 08 00 00    338.33333   518.948555 -6341.725769  2706.214157  -36.622
2015 12 05 09 00 00    338.37500 -5232.434925  3559.173027 -2762.959401  -36.772
2015 12 05 10 00 00    338.41667  6677.438651  1448.970083  1070.750191  -36.912
2015 12 05 11 00 00    338.45833 -3893.366064 -5556.226766  1314.997953  -37.022
2015 12 05 12 00 00    338.50000 -1316.907216  6151.969837 -2850.712538  -37.144
2015 12 05 13 00 00    338.54167  5730.198179 -2888.418376  2582.420494  -37.295
2015 12 05 14 00 00    338.58333 -6514.589431 -2197.969224  -660.676639  -37.428
2015 12 05 15 00 00    338.62500  3219.382017  5883.401370 -1669.981354  -37.534
2015 12 05 16 00 00    338.66667  2136.363178 -5878.572221  2949.618043  -37.661
2015 12 05 17 00 00    338.70833 -6122.178580  2171.001123 -2342.041339  -37.811
2015 12 05 18 00 00    338.75000  6278.211660  2888.903515   253.040157  -37.937
2015 12 05 19 00 00    338.79167 -2452.457361 -6141.835713  2008.974969  -38.041
2015 12 05 20 00 00    338.83333 -2889.880679  5519.225940 -2980.154716  -38.171
2015 12 05 21 00 00    338.87500  6444.593266 -1434.585645  2063.873561  -38.319
2015 12 05 22 00 00    338.91667 -5918.095152 -3558.606623   175.933343  -38.437
2015 12 05 23 00 00    338.95833  1689.572405  6296.198592 -2291.844983  -38.541
2015 12 06 00 00 00    339.00000  3638.123401 -5082.935207  2959.920156  -38.675
2015 12 06 01 00 00    339.04167 -6649.975679   669.716619 -1735.300927  -38.818
2015 12 06 02 00 00    339.08333  5498.951444  4151.297144  -584.633448  -38.930
2015 12 06 03 00 00    339.12500  -853.109816 -6370.792463  2543.997434  -39.034
2015 12 06 04 00 00    339.16667 -4300.493674  4575.348611 -2873.402343  -39.171
2015 12 06 05 00 00    339.20833  6777.337348    89.149417  1382.228872  -39.309
2015 12 06 06 00 00    339.25000 -4960.237858 -4704.174072   998.737266  -39.414
2015 12 06 07 00 00    339.29167    47.053428  6345.373488 -2732.177728  -39.521
2015 12 06 08 00 00    339.33333  4932.212912 -4003.733436  2736.322045  -39.659
2015 12 06 09 00 00    339.37500 -6780.066722  -857.990023  -990.775446  -39.791
2015 12 06 10 00 00    339.41667  4383.227203  5166.409977 -1375.986281  -39.890
2015 12 06 11 00 00    339.45833   809.019417 -6234.215151  2877.770034  -40.000
2015 12 06 12 00 00    339.50000 -5461.377671  3377.197747 -2538.806222  -40.139
2015 12 06 13 00 00    339.54167  6704.566451  1595.761913   591.330880  -40.263
2015 12 06 14 00 00    339.58333 -3696.082218 -5571.969639  1742.487581  -40.358
2015 12 06 15 00 00    339.62500 -1609.367257  6031.978737 -2956.072139  -40.471
2015 12 06 16 00 00    339.66667  5938.218972 -2704.998149  2296.480400  -40.609
2015 12 06 17 00 00    339.70833 -6500.785029 -2325.126358  -167.492087  -40.725
2015 12 06 18 00 00    339.75000  2995.848471  5879.392999 -2058.376150  -40.817
2015 12 06 19 00 00    339.79167  2433.400441 -5743.832038  2983.946692  -40.934
2015 12 06 20 00 00    339.83333 -6299.406197  1995.110119 -2002.768361  -41.069
2015 12 06 21 00 00    339.87500  6227.072622  3000.381062  -246.295759  -41.177
2015 12 06 22 00 00    339.91667 -2200.224256 -6115.865594  2348.245629  -41.268
2015 12 06 23 00 00    339.95833 -3178.862084  5377.281919 -2945.720313  -41.387
2015 12 07 00 00 00    340.00000  6592.487099 -1262.076752  1675.126273  -41.519
2015 12 07 01 00 00    340.04167 -5825.712212 -3649.269955   669.221246  -41.619
2015 12 07 02 00 00    340.08333  1419.098838  6253.022963 -2577.769074  -41.710
2015 12 07 03 00 00    340.12500  3920.818331 -4930.869844  2854.176561  -41.832
2015 12 07 04 00 00    340.16667 -6760.518445   508.820620 -1307.698961  -41.958
2015 12 07 05 00 00    340.20833  5370.641733  4224.936598 -1064.391913  -42.051
2015 12 07 06 00 00    340.25000  -562.303782 -6308.511005  2768.064045  -42.142
2015 12 07 07 00 00    340.29167 -4564.820166  4421.225225 -2701.826955  -42.266
2015 12 07 08 00 00    340.33333  6852.339711   242.666062   921.347589  -42.386
2015 12 07 09 00 00    340.37500 -4793.186007 -4757.088707  1452.954291  -42.472
2015 12 07 10 00 00    340.41667  -252.200778  6269.386410 -2893.010202  -42.565
2015 12 07 11 00 00    340.45833  5179.549163 -3843.958970  2498.739245  -42.689
2015 12 07 12 00 00    340.50000 -6813.452338  -997.051101  -508.692246  -42.801
2015 12 07 13 00 00    340.54167  4184.766722  5202.326376 -1798.219105  -42.883
2015 12 07 14 00 00    340.58333  1118.491953 -6142.422911  2968.765564  -42.978
2015 12 07 15 00 00    340.62500 -5680.934141  3219.963569 -2243.583912  -43.101
2015 12 07 16 00 00    340.66667  6699.054661  1724.434730    94.729714  -43.205
2015 12 07 17 00 00    340.70833 -3464.150078 -5588.243898  2121.525780  -43.282
2015 12 07 18 00 00    340.75000 -1916.475960  5930.484422 -2979.067073  -43.381
2015 12 07 19 00 00    340.79167  6131.160032 -2546.204304  1945.731342  -43.501
2015 12 07 20 00 00    340.83333 -6452.082465 -2437.714180   330.835518  -43.596
2015 12 07 21 00 00    340.87500  2739.794127  5879.877299 -2389.691814  -43.670
2015 12 07 22 00 00    340.91667  2739.570664 -5629.981881  2934.532325  -43.772
2015 12 07 23 00 00    340.95833 -6456.767294  1842.624017 -1607.202313  -43.888
2015 12 08 00 00 00    341.00000  6139.352305  3100.635625  -739.351886  -43.974
2015 12 08 01 00 00    341.04167 -1918.475893 -6098.467309  2621.943735  -44.048
2015 12 08 02 00 00    341.08333 -3471.665338  5257.797280 -2829.007062  -44.151
2015 12 08 03 00 00    341.12500  6715.569203 -1111.583433  1238.862454  -44.262
2015 12 08 04 00 00    341.16667 -5696.137799 -3732.867912  1144.206159  -44.340
2015 12 08 05 00 00    341.20833  1122.694399  6221.935792 -2791.968910  -44.413
2015 12 08 06 00 00    341.25000  4201.331342 -4802.401928  2668.121682  -44.518
2015 12 08 07 00 00    341.29167 -6842.438646   367.437954  -843.093663  -44.622
2015 12 08 08 00 00    341.33333  5205.243577  4295.303079 -1514.910208  -44.693
2015 12 08 09 00 00    341.37500  -250.016485 -6261.670775  2914.604366  -44.767
2015 12 08 10 00 00    341.41667 -4821.601413  4290.884323 -2454.569933  -44.872
2015 12 08 11 00 00    341.45833  6895.024122   379.146723   434.019933  -44.968
2015 12 08 12 00 00    341.50000 -4590.192932 -4811.040957  1866.819909  -45.032
2015 12 08 13 00 00    341.54167  -568.261969  6211.502236 -2973.145328  -45.108
2015 12 08 14 00 00    341.58333  5413.422084 -3707.781059  2190.631616  -45.212
2015 12 08 15 00 00    341.62500 -6812.073622 -1122.572079   -11.896007  -45.300
2015 12 08 16 00 00    341.66667  3952.218545  5243.084045 -2170.576337  -45.359
2015 12 08 17 00 00    341.70833  1439.256368 -6071.031127  2976.399536  -45.436
2015 12 08 18 00 00    341.75000 -5882.124083  3085.109528 -1885.289232  -45.538
2015 12 08 19 00 00    341.79167  6656.702220  1842.838102  -405.141953  -45.616
2015 12 08 20 00 00    341.83333 -3200.981098 -5613.359214  2441.324405  -45.672
2015 12 08 21 00 00    341.87500 -2229.575205  5850.883538 -2918.766191  -45.751
2015 12 08 22 00 00    341.91667  6300.483318 -2408.349961  1539.837261  -45.849
2015 12 08 23 00 00    341.95833 -6365.727553 -2544.130807   820.351400  -45.918
2015 12 09 00 00 00    342.00000  2455.891297  5892.576249 -2654.452201  -45.971
2015 12 09 01 00 00    342.04167  3045.644857 -5539.061653  2802.507148  -46.052
2015 12 09 02 00 00    342.08333 -6586.543159  1708.599589 -1166.213552  -46.145
2015 12 09 03 00 00    342.12500  6013.714512  3198.407145 -1212.241506  -46.205
2015 12 09 04 00 00    342.16667 -1613.218202 -6096.550795  2822.181972  -46.256
2015 12 09 05 00 00    342.20833 -3758.958092  5161.387024 -2632.984258  -46.339
2015 12 09 06 00 00    342.25000  6807.004524  -977.052168   767.217653  -46.424
2015 12 09 07 00 00    342.29167 -5529.592715 -3818.230902  1587.496398  -46.476
2015 12 09 08 00 00    342.33333   807.340214  6208.875458 -2928.199599  -46.527
2015 12 09 09 00 00    342.37500  4470.242194 -4696.719152  2406.743406  -46.610
2015 12 09 10 00 00    342.41667 -6890.077386   238.557151  -354.377441  -46.688
2015 12 09 11 00 00    342.45833  5004.415755  4371.118322 -1923.427883  -46.732
2015 12 09 12 00 00    342.50000    75.754343 -6235.058383  2979.264813  -46.784
2015 12 09 13 00 00    342.54167 -5061.773194  4182.099196 -2138.277341  -46.866
2015 12 09 14 00 00    342.58333  6900.956228   506.383865   -66.105764  -46.934
2015 12 09 15 00 00    342.62500 -4354.438237 -4874.375132  2228.579947  -46.972
2015 12 09 16 00 00    342.66667  -892.543157  6175.253856 -2970.056345  -47.026
2015 12 09 17 00 00    342.70833  5625.172607 -3591.621909  1820.460985  -47.105
2015 12 09 18 00 00    342.75000 -6772.922044 -1242.906266   485.720194  -47.164
2015 12 09 19 00 00    342.79167  3690.060679  5296.476547 -2482.431252  -47.197
2015 12 09 20 00 00    342.83333  1762.126020 -6022.201095  2900.205513  -47.252
2015 12 09 21 00 00    342.87500 -6057.074774  2967.802053 -1473.733738  -47.328
2015 12 09 22 00 00    342.91667  6575.925744  1959.696519  -894.206180  -47.377
2015 12 09 23 00 00    342.95833 -2912.393743 -5654.301657  2692.710220  -47.406
2015 12 10 00 00 00    343.00000 -2539.334530  5793.934169 -2776.559926  -47.462
2015 12 10 01 00 00    343.04167  6439.171253 -2285.464425  1090.074491  -47.533
2015 12 10 02 00 00    343.08333 -6241.679729 -2653.205582  1287.271473  -47.573
2015 12 10 03 00 00    343.12500  2150.978061  5923.538942 -2844.997727  -47.600
2015 12 10 04 00 00    343.16667  3342.171185 -5470.380228  2591.340136  -47.657
2015 12 10 05 00 00    343.20833 -6682.862744  1586.100119  -692.013752  -47.721
2015 12 10 06 00 00    343.25000  5851.582111  3302.447273 -1651.574685  -47.751
2015 12 10 07 00 00    343.29167 -1292.320878 -6115.009949  2943.104370  -47.777
2015 12 10 08 00 00    343.33333 -4031.605767  5085.956030 -2362.857255  -47.834
2015 12 10 09 00 00    343.37500  6862.132758  -850.738092   273.394697  -47.890
2015 12 10 10 00 00    343.41667 -5329.014261 -3913.746244  1986.522829  -47.912
2015 12 10 11 00 00    343.45833   481.541793  6217.510622 -2982.365962  -47.938
2015 12 10 12 00 00    343.50000  4718.787792 -4610.348867  2077.184994  -47.994
2015 12 10 13 00 00    343.54167 -6900.175680   113.858424   144.802105  -48.041
2015 12 10 14 00 00    343.58333  4772.433720  4460.250127 -2278.302258  -48.056
2015 12 10 15 00 00    343.62500   405.881186 -6230.958473  2959.979314  -48.082
2015 12 10 16 00 00    343.66667 -5277.322640  4090.140926 -1761.571041  -48.137
2015 12 10 17 00 00    343.70833  6868.307029   633.095358  -564.946420  -48.174
2015 12 10 18 00 00    343.75000 -4091.539488 -4954.159927  2527.890061  -48.183
2015 12 10 19 00 00    343.79167 -1215.727527  6161.542053 -2883.532066  -48.210
2015 12 10 20 00 00    343.83333  5807.615228 -3489.587373  1398.491733  -48.261
2015 12 10 21 00 00    343.87500 -6695.693570 -1366.893417   970.160632  -48.288
2015 12 10 22 00 00    343.91667  3404.978662  5368.664624 -2724.803761  -48.292
2015 12 10 23 00 00    343.95833  2077.634919 -5995.363760  2742.081610  -48.320
2015 12 11 00 00 00    344.00000 -6199.714939  2861.171263 -1020.286236  -48.367
2015 12 11 01 00 00    344.04167  6457.908578  2083.798413 -1358.617891  -48.384
2015 12 11 02 00 00    344.08333 -2606.114637 -5716.077550  2868.394643  -48.384
2015 12 11 03 00 00    344.12500 -2836.562547  5757.671805 -2556.141656  -48.413
2015 12 11 04 00 00    344.16667  6542.347813 -2169.842289   609.023347  -48.453
2015 12 11 05 00 00    344.20833 -6082.626495 -2773.379251  1718.374123  -48.461
2015 12 11 06 00 00    344.25000  1833.468192  5976.570221 -2955.712215  -48.459
2015 12 11 07 00 00    344.29167  3620.299995 -5420.569179  2306.756607  -48.489
2015 12 11 08 00 00    344.33333 -6742.224278  1466.828871  -197.824505  -48.521
2015 12 11 09 00 00    344.37500  5657.020738  3420.702447 -2044.841454  -48.519
2015 12 11 10 00 00    344.41667  -964.836327 -6156.257077  2981.064934  -48.517
2015 12 11 11 00 00    344.45833 -4281.470062  5026.877248 -2025.943110  -48.546
2015 12 11 12 00 00    344.50000  6878.883858  -723.921184  -228.704988  -48.569
2015 12 11 13 00 00    344.54167 -5099.807732 -4026.574076  2329.900789  -48.560
2015 12 11 14 00 00    344.58333   154.590874  6248.885348 -2952.652913  -48.557
2015 12 11 15 00 00    344.62500  4939.630754 -4537.470025  1688.559248  -48.585
2015 12 11 16 00 00    344.66667 -6872.167951   -15.520236   640.421525  -48.599
2015 12 11 17 00 00    344.70833  4515.821231  4568.973284 -2569.344515  -48.582
2015 12 11 18 00 00    344.75000   730.900676 -6248.927547  2857.043381  -48.580
2015 12 11 19 00 00    344.79167 -5461.992322  4008.200824 -1334.826197  -48.605
2015 12 11 20 00 00    344.83333  6798.019183   768.114342 -1048.382967  -48.609
2015 12 11 21 00 00    344.87500 -3809.066604 -5055.521502  2756.117870  -48.586
2015 12 11 22 00 00    344.91667 -1528.580098  6168.533455 -2715.702090  -48.586
2015 12 11 23 00 00    344.95833  5955.670850 -3394.005439   936.512544  -48.606
2015 12 12 00 00 00    345.00000 -6582.821977 -1503.039511  1427.722932  -48.600
2015 12 12 01 00 00    345.04167  3105.284322  5463.590783 -2890.623800  -48.573
2015 12 12 02 00 00    345.08333  2376.864127 -5987.256917  2506.254122  -48.573
2015 12 12 03 00 00    345.12500 -6306.311058  2756.934700  -537.567521  -48.588
2015 12 12 04 00 00    345.16667  6306.500787  2223.174912 -1785.160641  -48.572
2015 12 12 05 00 00    345.20833 -2291.106219 -5801.233360  2963.192040  -48.542
2015 12 12 06 00 00    345.25000 -3113.010467  5737.570671 -2263.425620  -48.543
2015 12 12 07 00 00    345.29167  6607.709405 -2052.753487   110.218653  -48.551
2015 12 12 08 00 00    345.33333 -5893.752223 -2911.914164  2101.379513  -48.525
2015 12 12 09 00 00    345.37500  1512.617197  6052.858977 -2983.194851  -48.494
2015 12 12 10 00 00    345.41667  3872.558771 -5383.880128  1956.593077  -48.495
2015 12 12 11 00 00    345.45833 -6763.806622  1341.890372   302.487494  -48.494
2015 12 12 12 00 00    345.50000  5436.383762  3559.565571 -2380.772291  -48.460
2015 12 12 13 00 00    345.54167  -640.209552 -6219.980031  2934.745487  -48.429
2015 12 12 14 00 00    345.58333 -4502.122843  4977.400129 -1631.485867  -48.428
2015 12 12 15 00 00    345.62500  6857.961408  -587.715260  -724.873858  -48.419
2015 12 12 16 00 00    345.66667 -4849.374638 -4161.969865  2607.760975  -48.377
2015 12 12 17 00 00    345.70833  -164.246681  6301.299245 -2839.594443  -48.346
2015 12 12 18 00 00    345.75000  5127.503336 -4470.440551  1251.704261  -48.344
2015 12 12 19 00 00    345.79167 -6808.234314  -158.162362  1118.476286  -48.324
2015 12 12 20 00 00    345.83333  4242.778155  4701.370780 -2788.116744  -48.276
2015 12 12 21 00 00    345.87500  1041.841110 -6285.814278  2673.122526  -48.246
2015 12 12 22 00 00    345.91667 -5611.830749  3928.004329  -869.896148  -48.240
2015 12 12 23 00 00    345.95833  6693.723481   919.564045 -1502.663361  -48.211
2015 12 13 00 00 00    346.00000 -3515.878682 -5181.148957  2906.598596  -48.158
2015 12 13 01 00 00    346.04167 -1822.756272  6191.804973 -2470.998023  -48.130
2015 12 13 02 00 00    346.08333  6066.812466 -3296.129717   447.511063  -48.119
2015 12 13 03 00 00    346.12500 -6439.265394 -1658.721234  1845.389709  -48.080
2015 12 13 04 00 00    346.16667  2800.186042  5582.591352 -2974.943215  -48.024
2015 12 13 05 00 00    346.20833  2652.222695 -5992.207411  2199.175092  -47.996
2015 12 13 06 00 00    346.25000 -6375.796196  2646.153800   -39.105059  -47.979
2015 12 13 07 00 00    346.29167  6127.877865  2384.342819 -2161.626932  -47.930
2015 12 13 08 00 00    346.33333 -1976.780715 -5909.596100  2974.180319  -47.872
2015 12 13 09 00 00    346.37500 -3362.095518  5726.937968 -1906.402239  -47.845
2015 12 13 10 00 00    346.41667  6635.725047 -1925.250770  -392.230937  -47.821
2015 12 13 11 00 00    346.45833 -5682.280793 -3074.206293  2425.305100  -47.763
2015 12 13 12 00 00    346.50000  1197.709654  6150.840837 -2926.372420  -47.705
2015 12 13 13 00 00    346.54167  4093.506576 -5352.700397  1550.590361  -47.678
2015 12 13 14 00 00    346.58333 -6749.540440  1202.611663   794.798561  -47.645
2015 12 13 15 00 00    346.62500  5197.749526  3723.264493 -2649.665435  -47.580
2015 12 13 16 00 00    346.66667  -327.449680 -6303.145341  2805.209088  -47.521
2015 12 13 17 00 00    346.70833 -4689.410357  4929.254503 -1190.415077  -47.493
2015 12 13 18 00 00    346.75000  6802.775703  -433.896709 -1201.002971  -47.451
2015 12 13 19 00 00    346.79167 -4586.459202 -4322.775576  2812.039550  -47.379
2015 12 13 20 00 00    346.83333  -466.544537  6370.435101 -2646.078701  -47.322
2015 12 13 21 00 00    346.87500  5279.667359 -4400.493715   778.886755  -47.291
2015 12 13 22 00 00    346.91667 -6713.105126  -321.571699  1565.379452  -47.240
2015 12 13 23 00 00    346.95833  3962.455153  4858.930231 -2928.181623  -47.163
2015 12 14 00 00 00    347.00000  1331.009125 -6336.026036  2413.194013  -47.107
2015 12 14 01 00 00    347.04167 -5725.538170  3840.562595  -379.791197  -47.073
2015 12 14 02 00 00    347.08333  6561.411713  1094.092528 -1914.797794  -47.012
2015 12 14 03 00 00    347.12500 -3221.342329 -5331.018017  2974.836848  -46.931
2015 12 14 04 00 00    347.16667 -2091.534625  6224.723726 -2156.050545  -46.877
2015 12 14 05 00 00    347.20833  6141.281814 -3186.944977   -54.689607  -46.838
2015 12 14 06 00 00    347.25000 -6272.063861 -1839.487501  2211.204140  -46.768
2015 12 14 07 00 00    347.29167  2498.975516  5724.242171 -2975.090302  -46.685
2015 12 14 08 00 00    347.33333  2898.112223 -6002.634397  1829.355570  -46.632
2015 12 14 09 00 00    347.37500 -6409.859771  2520.055761   461.043153  -46.586
2015 12 14 10 00 00    347.41667  5929.987930  2571.680918 -2477.171895  -46.507
2015 12 14 11 00 00    347.45833 -1672.170806 -6038.259072  2900.799071  -46.424
2015 12 14 12 00 00    347.50000 -3579.478435  5717.507517 -1494.933268  -46.371
2015 12 14 13 00 00    347.54167  6629.586100 -1779.001662  -884.043738  -46.318
2015 12 14 14 00 00    347.58333 -5456.832280 -3263.262141  2680.786792  -46.232
2015 12 14 15 00 00    347.62500   897.240402  6266.309198 -2786.548397  -46.148
2015 12 14 16 00 00    347.66667  4280.207764 -5318.241605  1100.129698  -46.096
2015 12 14 17 00 00    347.70833 -6703.930819  1041.349527  1265.128291  -46.035
2015 12 14 18 00 00    347.75000  4950.200857  3913.443413 -2843.671702  -45.941
2015 12 14 19 00 00    347.79167   -34.337639 -6400.248594  2595.886944  -45.859
2015 12 14 20 00 00    347.83333 -4841.815438  4873.397114  -715.052901  -45.806
2015 12 14 21 00 00    347.87500  6719.131202  -255.677637 -1643.486832  -45.736
2015 12 14 22 00 00    347.91667 -4320.371395 -4509.126639  2936.719032  -45.637
2015 12 14 23 00 00    347.95833  -745.457939  6449.724430 -2377.288086  -45.557
2015 12 15 00 00 00    348.00000  5396.147016 -4318.541214   283.460869  -45.501
2015 12 15 01 00 00    348.04167 -6593.633834  -511.463141  1968.352380  -45.422
2015 12 15 02 00 00    348.08333  3684.140036  5040.373108 -2985.297835  -45.319
2015 12 15 03 00 00    348.12500  1592.664166 -6392.019101  2084.422565  -45.241
2015 12 15 04 00 00    348.16667 -5804.574493  3736.994923   121.680443  -45.182
2015 12 15 05 00 00    348.20833  6408.894462  1296.237258 -2272.934354  -45.093
2015 12 15 06 00 00    348.25000 -2934.501593 -5502.359238  2958.648701  -44.988
2015 12 15 07 00 00    348.29167 -2330.407291  6259.030215 -1779.523703  -44.913
2015 12 15 08 00 00    348.33333  6182.055755 -3058.001957  -555.822170  -44.848
2015 12 15 09 00 00    348.37500 -6089.706699 -2048.522094  2514.618251  -44.751
2015 12 15 10 00 00    348.41667  2210.203800  5884.453352 -2890.762582  -44.645
2015 12 15 11 00 00    348.45833  3111.414024 -6009.729471  1407.138147  -44.572
2015 12 15 12 00 00    348.50000 -6412.788095  2370.846750   948.684970  -44.500
2015 12 15 13 00 00    348.54167  5721.836656  2786.996893 -2722.630072  -44.395
2015 12 15 14 00 00    348.58333 -1385.131661 -6181.815739  2744.882094  -44.291
2015 12 15 15 00 00    348.62500 -3763.441503  5700.180966 -1040.490972  -44.218
2015 12 15 16 00 00    348.66667  6594.908677 -1607.069197 -1351.174014  -44.139
2015 12 15 17 00 00    348.70833 -5226.651074 -3479.389024  2860.356307  -44.028
2015 12 15 18 00 00    348.75000   618.163275  6392.766442 -2567.386814  -43.924
2015 12 15 19 00 00    348.79167  4432.480636 -5271.339693   617.918598  -43.851
2015 12 15 20 00 00    348.83333 -6633.645605   852.210249  1700.040163  -43.765
2015 12 15 21 00 00    348.87500  4703.011382  4128.976170 -2957.028870  -43.648
2015 12 15 22 00 00    348.91667   233.258166 -6503.791013  2312.498306  -43.547
2015 12 15 23 00 00    348.95833 -4960.583015  4800.834446  -218.776959  -43.473
2015 12 16 00 00 00    349.00000  6614.695552   -48.352700 -2039.616245  -43.377
2015 12 16 01 00 00    349.04167 -4060.156266 -4718.402596  2978.012998  -43.257
2015 12 16 02 00 00    349.08333  -996.326733  6530.919953 -2040.574620  -43.159
2015 12 16 03 00 00    349.12500  5479.711825 -4216.010407  -220.508078  -43.082
2015 12 16 04 00 00    349.16667 -6458.175452  -731.211016  2315.795741  -42.978
2015 12 16 05 00 00    349.20833  3416.428809  5241.733594 -2957.555784  -42.855
2015 12 16 06 00 00    349.25000  1823.518927 -6444.969595  1695.972387  -42.760
2015 12 16 07 00 00    349.29167 -5853.017419  3609.347953   620.299731  -42.679
2015 12 16 08 00 00    349.33333  6245.092141  1527.977947 -2566.704101  -42.567
2015 12 16 09 00 00    349.37500 -2663.274289 -5689.875158  2858.239794  -42.444
2015 12 16 10 00 00    349.41667 -2537.473355  6285.573836 -1351.889404  -42.351
2015 12 16 11 00 00    349.45833  6194.563923 -2902.205426 -1041.582633  -42.265
2015 12 16 12 00 00    349.50000 -5901.366126 -2286.317227  2746.803556  -42.145
2015 12 16 13 00 00    349.54167  1940.920902  6056.806272 -2724.054800  -42.023
2015 12 16 14 00 00    349.58333  3291.753412 -6004.252951   944.414210  -41.932
2015 12 16 15 00 00    349.62500 -6391.068224  2192.442478  1409.899187  -41.839
2015 12 16 16 00 00    349.66667  5512.674089  3029.325137 -2890.786343  -41.713
2015 12 16 17 00 00    349.70833 -1121.646662 -6332.822193  2510.622704  -41.593
2015 12 16 18 00 00    349.75000 -3915.031067  5665.850696  -555.847319  -41.503
2015 12 16 19 00 00    349.79167  6539.214529 -1404.569955 -1780.216883  -41.403
2015 12 16 20 00 00    349.83333 -5000.774813 -3720.128130  2958.666647  -41.272
2015 12 16 21 00 00    349.87500   365.275641  6521.985533 -2274.830231  -41.154
2015 12 16 22 00 00    349.91667  4552.896878 -5203.294114   117.634916  -41.064
2015 12 16 23 00 00    349.95833 -6546.905303   631.615809  2087.030473  -40.956
2015 12 17 00 00 00    350.00000  4464.811859  4366.029615 -2986.239131  -40.821
2015 12 17 01 00 00    350.04167   471.895558 -6604.940528  1962.904529  -40.707
2015 12 17 02 00 00    350.08333 -5049.595377  4703.447747   284.352181  -40.615
2015 12 17 03 00 00    350.12500  6498.297544   190.239911 -2377.947497  -40.500
2015 12 17 04 00 00    350.16667 -3813.784522 -4945.427392  2934.489199  -40.362
2015 12 17 05 00 00    350.20833 -1217.083681  6604.825031 -1645.272541  -40.251
2015 12 17 06 00 00    350.25000  5535.609725 -4085.639468  -718.643933  -40.157
2015 12 17 07 00 00    350.29167 -6315.826082  -981.505892  2597.629708  -40.034
2015 12 17 08 00 00    350.33333  3166.456224  5456.681575 -2845.449625  -39.896
2015 12 17 09 00 00    350.37500  2023.019152 -6485.565343  1258.759714  -39.788
2015 12 17 10 00 00    350.41667 -5877.181621  3451.337060  1101.840834  -39.690
2015 12 17 11 00 00    350.45833  6079.223055  1788.519226 -2787.525602  -39.559
2015 12 17 12 00 00    350.50000 -2413.747614 -5886.188312  2676.216738  -39.422
2015 12 17 13 00 00    350.54167 -2713.597776  6295.135441  -885.146975  -39.317
2015 12 17 14 00 00    350.58333  6186.182025 -2714.483323 -1498.041829  -39.213
2015 12 17 15 00 00    350.62500 -5716.066071 -2550.589045  2900.914908  -39.076
2015 12 17 16 00 00    350.66667  1696.047999  6233.104200 -2479.420511  -38.942
2015 12 17 17 00 00    350.70833  3441.515543 -5977.374480   454.293294  -38.839
2015 12 17 18 00 00    350.75000 -6352.789417  1981.048962  1831.437237  -38.729
2015 12 17 19 00 00    350.79167  5311.156745  3294.974994 -2976.593445  -38.586
2015 12 17 20 00 00    350.83333  -885.300315 -6482.447813  2204.471829  -38.455
2015 12 17 21 00 00    350.87500 -4037.949362  5606.230365   -54.721049  -38.353
2015 12 17 22 00 00    350.91667  6471.236706 -1169.148773 -2158.796987  -38.235
2015 12 17 23 00 00    350.95833 -4787.219247 -3980.437939  2972.659154  -38.089
2015 12 18 00 00 00    351.00000   140.795465  6644.732989 -1916.952670  -37.962
2015 12 18 01 00 00    351.04167  4646.530234 -5106.669764  -386.460757  -37.859
2015 12 18 02 00 00    351.08333 -6452.728842   378.663902  2414.893865  -37.734
2015 12 18 03 00 00    351.12500  4242.811921  4618.372820 -2930.184633  -37.586
2015 12 18 04 00 00    351.16667   680.853920 -6694.318531  1556.900263  -37.463
2015 12 18 05 00 00    351.20833 -5115.006348  4574.745135   779.988492  -37.358
2015 12 18 06 00 00    351.25000  6379.117219   459.486182 -2648.637063  -37.226
2015 12 18 07 00 00    351.29167 -3587.437856 -5182.902768  2807.127249  -37.078
2015 12 18 08 00 00    351.33333 -1408.429306  6662.115333 -1202.451761  -36.958
2015 12 18 09 00 00    351.37500  5571.073242 -3922.157539 -1196.672262  -36.851
2015 12 18 10 00 00    351.41667 -6175.591924 -1260.252504  2805.593227  -36.711
2015 12 18 11 00 00    351.45833  2939.255809  5677.062261 -2651.883048  -36.564
2015 12 18 12 00 00    351.50000  2193.375856 -6504.847273   785.152002  -36.448
2015 12 18 13 00 00    351.54167 -5885.031780  3258.941739  1552.480214  -36.336
2015 12 18 14 00 00    351.58333  5919.961874  2074.324012 -2928.860347  -36.191
2015 12 18 15 00 00    351.62500 -2189.637440 -6082.481064  2417.530720  -36.045
2015 12 18 16 00 00    351.66667 -2862.319229  6279.262911  -392.494484  -35.932
2015 12 18 17 00 00    351.70833  6165.545949 -2492.275227 -1912.048592  -35.814
2015 12 18 18 00 00    351.75000 -5541.861425 -2836.444204  2972.299861  -35.664
2015 12 18 19 00 00    351.79167  1477.940091  6404.088449 -2163.567102  -35.522
2015 12 18 20 00 00    351.83333  3565.609749 -5921.481391   -49.266383  -35.411
2015 12 18 21 00 00    351.87500 -6306.895438  1735.539473  2201.109395  -35.287
2015 12 18 22 00 00    351.91667  5124.560885  3577.826430 -2977.330067  -35.133
2015 12 18 23 00 00    351.95833  -676.967235 -6621.256313  1834.970644  -34.995
2015 12 19 00 00 00    352.00000 -4138.203266  5514.617442   448.607861  -34.885
2015 12 19 01 00 00    352.04167  6400.112572  -901.225998 -2475.929426  -34.754
2015 12 19 02 00 00    352.08333 -4592.253137 -4253.112967  2901.667151  -34.598
2015 12 19 03 00 00    352.12500   -55.829080  6751.589071 -1503.750005  -34.465
2015 12 19 04 00 00    352.16667  4720.475880 -4975.988115  -879.933012  -34.353
2015 12 19 05 00 00    352.20833 -6360.103149    95.247622  2674.054493  -34.215
2015 12 19 06 00 00    352.25000  4042.148057  4877.905744 -2790.177596  -34.059
2015 12 19 07 00 00    352.29167   862.182851 -6762.841485  1105.946601  -33.930
2015 12 19 08 00 00    352.33333 -5164.665748  4410.471540  1253.911408  -33.816
2015 12 19 09 00 00    352.37500  6265.841477   756.014873 -2843.732244  -33.672
2015 12 19 10 00 00    352.41667 -3384.954362 -5422.037037  2599.308659  -33.516
2015 12 19 11 00 00    352.45833 -1573.755242  6694.178819  -724.617715  -33.392
2015 12 19 12 00 00    352.50000  5594.642678 -3722.787116 -1640.832721  -33.275
2015 12 19 13 00 00    352.54167 -6045.563139 -1562.719563  2933.493513  -33.124
2015 12 19 14 00 00    352.58333  2737.308230  5893.605245 -2382.107664  -32.971
2015 12 19 15 00 00    352.62500  2339.345392 -6495.023827   288.621761  -32.851
2015 12 19 16 00 00    352.66667 -5885.441569  3030.799535  1959.198442  -32.728
2015 12 19 17 00 00    352.70833  5774.644926  2379.395795 -2986.411969  -32.573
2015 12 19 18 00 00    352.75000 -1991.961394 -6269.270496  2089.353819  -32.424
2015 12 19 19 00 00    352.79167 -2989.512956  6231.043649   112.039637  -32.306
2015 12 19 20 00 00    352.83333  6141.748515 -2235.794750 -2271.612507  -32.178
2015 12 19 21 00 00    352.87500 -5385.102480 -3136.784026  2958.647411  -32.019
2015 12 19 22 00 00    352.91667  1286.180311  6560.256505 -1785.285665  -31.874
2015 12 19 23 00 00    352.95833  3671.002357 -5830.880717  -551.855540  -31.757
2015 12 20 00 00 00    353.00000 -6262.355026  1457.591871  2508.143785  -31.623
2015 12 20 01 00 00    353.04167  4958.118657  3869.847797 -2892.695003  -31.462
2015 12 20 02 00 00    353.08333  -494.746932 -6740.046992  1412.521287  -31.322
2015 12 20 03 00 00    353.12500 -4223.539918  5386.517484   939.705357  -31.205
2015 12 20 04 00 00    353.16667  6334.537363  -603.993741 -2722.342439  -31.064
2015 12 20 05 00 00    353.20833 -4419.829555 -4529.401394  2747.452794  -30.903
2015 12 20 06 00 00    353.25000  -227.858078  6833.791442 -1046.872173  -30.768
2015 12 20 07 00 00    353.29167  4783.183194 -4808.243678 -1348.587643  -30.650
2015 12 20 08 00 00    353.33333 -6277.151916  -214.077628  2856.852918  -30.503
2015 12 20 09 00 00    353.37500  3865.417751  5135.360990 -2569.942904  -30.342
2015 12 20 10 00 00    353.41667  1020.498047 -6802.540910   622.852981  -30.213
2015 12 20 11 00 00    353.45833 -5207.385116  4209.019608  1692.437900  -30.092
2015 12 20 12 00 00    353.50000  6165.861986  1073.966462 -2957.409615  -29.939
2015 12 20 13 00 00    353.54167 -3207.485408 -5653.313499  2316.738543  -29.781
2015 12 20 14 00 00    353.58333 -1718.820753  6693.897543  -225.365052  -29.655
2015 12 20 15 00 00    353.62500  5615.367338 -3487.521881 -2038.278793  -29.530
2015 12 20 16 00 00    353.66667 -5932.167906 -1881.929439  2977.398484  -29.373
2015 12 20 17 00 00    353.70833  2560.320405  6096.740033 -2043.594403  -29.218
2015 12 20 18 00 00    353.75000  2467.775875 -6450.183667  -216.635268  -29.097
2015 12 20 19 00 00    353.79167 -5887.365321  2768.361091  2310.162532  -28.966
2015 12 20 20 00 00    353.83333  5648.594802  2695.785556 -2958.263731  -28.805
2015 12 20 21 00 00    353.87500 -1818.956846 -6437.248809  1700.890356  -28.656
2015 12 20 22 00 00    353.91667 -3102.837246  6145.742794   613.994462  -28.536
2015 12 20 23 00 00    353.95833  6123.491800 -1948.040905 -2566.254935  -28.400
2015 12 21 00 00 00    354.00000 -5249.851964 -3442.911062  2860.071554  -28.236
2015 12 21 01 00 00    354.04167  1117.626582  6692.708598 -1355.218909  -28.092
2015 12 21 02 00 00    354.08333  3766.059403 -5702.329903 -1039.027872  -27.973
2015 12 21 03 00 00    354.12500 -6227.325917  1151.572229  2743.507378  -27.831
2015 12 21 04 00 00    354.16667  4814.538100  4161.790175 -2724.834343  -27.667
2015 12 21 05 00 00    354.20833  -334.151966 -6830.679820   949.101168  -27.529
2015 12 21 06 00 00    354.25000 -4302.719135  5220.071881  1404.400101  -27.409
2015 12 21 07 00 00    354.29167  6281.955380  -283.160394 -2890.752661  -27.261
2015 12 21 08 00 00    354.33333 -4271.226273 -4799.766890  2514.175339  -27.098
2015 12 21 09 00 00    354.37500  -380.949723  6884.025507  -559.303479  -26.965
2015 12 21 10 00 00    354.41667  4843.662056 -4603.197677 -1778.883233  -26.843
2015 12 21 11 00 00    354.45833 -6210.379497  -542.469468  2957.780280  -26.689
2015 12 21 12 00 00    354.50000  3712.443430  5381.116318 -2275.532574  -26.529
2015 12 21 13 00 00    354.54167  1162.541451 -6807.286552   121.416453  -26.401
2015 12 21 14 00 00    354.58333 -5252.110790  3971.602484  2082.823198  -26.275
2015 12 21 15 00 00    354.62500  6084.588627  1405.489195 -2986.154663  -26.117
2015 12 21 16 00 00    354.66667 -3053.396558 -5867.329631  1967.300098  -25.961
2015 12 21 17 00 00    354.70833 -1851.209769  6656.299226   281.005565  -25.836
2015 12 21 18 00 00    354.75000  5641.957349 -3219.153614 -2377.453002  -25.707
2015 12 21 19 00 00    354.79167 -5839.575179 -2209.253807  2935.766391  -25.545
2015 12 21 20 00 00    354.83333  2405.257372  6277.444798 -1645.839973  -25.393
2015 12 21 21 00 00    354.87500  2586.960071 -6366.840757  -716.106479  -25.272
2015 12 21 22 00 00    354.91667 -5898.997686  2475.790510  2595.077186  -25.137
2015 12 21 23 00 00    354.95833  5544.626322  3014.278609 -2844.950261  -24.973
2015 12 22 00 00 00    355.00000 -1666.252926 -6578.113047  1263.127454  -24.827
2015 12 22 01 00 00    355.04167 -3211.012415  6021.247526  1098.892423  -24.707
2015 12 22 02 00 00    355.08333  6118.272290 -1634.556382 -2787.318178  -24.566
2015 12 22 03 00 00    355.12500 -5137.508722 -3745.284331  2679.126728  -24.402
2015 12 22 04 00 00    355.16667   966.708615  6793.945710  -885.572191  -24.262
2015 12 22 05 00 00    355.20833  3859.758434 -5535.346737 -1496.718036  -24.143
2015 12 22 06 00 00    355.25000 -6208.388926   824.173761  2900.179384  -23.996
2015 12 22 07 00 00    355.29167  4693.751848  4443.996510 -2478.300114  -23.832
2015 12 22 08 00 00    355.33333  -188.533971 -6886.808754   457.928283  -23.698
2015 12 22 09 00 00    355.37500 -4384.688054  5016.248346  1829.197291  -23.577
2015 12 22 10 00 00    355.41667  6247.862748    53.534426 -2976.085298  -23.425
2015 12 22 11 00 00    355.45833 -4144.929327 -5054.726380  2208.290687  -23.264
2015 12 22 12 00 00    355.50000  -522.627687  6897.088593   -54.999193  -23.136
2015 12 22 13 00 00    355.54167  4910.634769 -4363.421043 -2158.325914  -23.012
2015 12 22 14 00 00    355.58333 -6164.059510  -881.383458  2973.652818  -22.855
2015 12 22 15 00 00    355.62500  3580.289451  5606.044889 -1915.173102  -22.699
2015 12 22 16 00 00    355.66667  1296.544457 -6773.345831  -383.971430  -22.575
2015 12 22 17 00 00    355.70833 -5307.079578  3702.170979  2413.637916  -22.447
2015 12 22 18 00 00    355.75000  6024.941606  1741.418354 -2928.877624  -22.287
2015 12 22 19 00 00    355.79167 -2918.423227 -6055.631073  1560.844728  -22.135
2015 12 22 20 00 00    355.83333 -1979.616303  6579.017672   779.896726  -22.014
2015 12 22 21 00 00    355.87500  5681.963439 -2923.044699 -2648.426546  -21.882
2015 12 22 22 00 00    355.91667 -5769.301552 -2535.162449  2809.508528  -21.720
2015 12 22 23 00 00    355.95833  2266.626143  6428.051175 -1200.112256  -21.574
2015 12 23 00 00 00    356.00000  2705.852973 -6244.260899 -1195.381194  -21.456
2015 12 23 01 00 00    356.04167 -5926.998315  2159.618540  2805.494315  -21.318
2015 12 23 02 00 00    356.08333  5462.779930  3325.200142 -2649.461030  -21.155
2015 12 23 03 00 00    356.12500 -1527.282586 -6685.308201   788.530958  -21.015
2015 12 23 04 00 00    356.16667 -3322.997110  5858.275133  1552.660702  -20.898
2015 12 23 05 00 00    356.20833  6131.673479 -1302.953767 -2928.224056  -20.754
2015 12 23 06 00 00    356.25000 -5046.673684 -4034.355612  2420.753818  -20.593
2015 12 23 07 00 00    356.29167   825.950301  6858.545519  -389.774712  -20.459
2015 12 23 08 00 00    356.33333  3960.840982 -5332.269011 -1911.650979  -20.341
2015 12 23 09 00 00    356.37500 -6209.922679   483.842496  2973.368930  -20.192
2015 12 23 10 00 00    356.41667  4592.919070  4707.252852 -2159.940357  -20.033
2015 12 23 11 00 00    356.45833   -49.710058 -6904.455444   -46.913222  -19.906
2015 12 23 12 00 00    356.50000 -4477.733142  4778.774947  2201.676855  -19.785
2015 12 23 13 00 00    356.54167  6235.285893   396.991442 -2975.633140  -19.632
2015 12 23 14 00 00    356.58333 -4036.772055 -5285.687984  1838.383829  -19.477
2015 12 23 15 00 00    356.62500  -661.572898  6870.365882   451.511593  -19.355
2015 12 23 16 00 00    356.66667  4991.711024 -4094.081756 -2475.835566  -19.231
2015 12 23 17 00 00    356.70833 -6139.824959 -1221.315654  2903.721435  -19.075
2015 12 23 18 00 00    356.75000  3463.532666  5802.326062 -1499.048390  -18.925
2015 12 23 19 00 00    356.79167  1431.451385 -6699.727256  -878.738527  -18.807
2015 12 23 20 00 00    356.83333 -5379.034490  3407.081060  2675.110064  -18.678
2015 12 23 21 00 00    356.87500  5987.069471  2072.078049 -2786.961993  -18.520
2015 12 23 22 00 00    356.91667 -2796.068603 -6211.464126  1108.922655  -18.376
2015 12 23 23 00 00    356.95833 -2113.022474  6462.518154  1256.837540  -18.261
2015 12 24 00 00 00    357.00000  5741.059863 -2606.666035 -2843.193645  -18.128
2015 12 24 01 00 00    357.04167 -5720.059495 -2850.058127  2601.982561  -17.968
2015 12 24 02 00 00    357.08333  2136.987794  6542.931069  -719.140522  -17.831
2015 12 24 03 00 00    357.12500  2833.225101 -6084.538653 -1640.569248  -17.717
2015 12 24 04 00 00    357.16667 -5975.853127  1828.178748  2935.071592  -17.579
2015 12 24 05 00 00    357.20833  5400.308330  3619.267043 -2377.174527  -17.421
2015 12 24 06 00 00    357.25000 -1393.898547 -6754.614952   290.694794  -17.290
2015 12 24 07 00 00    357.29167 -3447.136922  5660.323927  1962.045286  -17.176
2015 12 24 08 00 00    357.33333  6166.830979  -962.251871 -2984.674732  -17.033
2015 12 24 09 00 00    357.37500 -4973.272054 -4301.411159  2092.157122  -16.877
2015 12 24 10 00 00    357.41667   686.671566  6883.653118   117.900151  -16.753
2015 12 24 11 00 00    357.45833  4076.983128 -5098.057389 -2271.730297  -16.637
2015 12 24 12 00 00    357.50000 -6233.677197   140.040771  2960.670524  -16.490
2015 12 24 13 00 00    357.54167  4506.682425  4943.604427 -1778.722236  -16.338
2015 12 24 14 00 00    357.58333    91.266609 -6882.369644  -550.876453  -16.220
2015 12 24 15 00 00    357.62500 -4588.687426  4513.822019  2510.863773  -16.101
2015 12 24 16 00 00    357.66667  6244.484176   737.549649 -2889.149906  -15.950
2015 12 24 17 00 00    357.70833 -3940.318694 -5485.712580  1414.937711  -15.804
2015 12 24 18 00 00    357.75000  -806.803340  6804.072726   945.545363  -15.690
2015 12 24 19 00 00    357.79167  5092.661582 -3802.495014 -2722.072776  -15.568
2015 12 24 20 00 00    357.83333 -6136.498707 -1552.636205  2749.712654  -15.414
2015 12 24 21 00 00    357.87500  3354.763943  5964.142186 -1039.022916  -15.274
2015 12 24 22 00 00    357.91667  1576.073731 -6588.275071 -1348.554427  -15.164
2015 12 24 23 00 00    357.95833 -5472.573038  3094.540572  2859.421603  -15.037
2015 12 25 00 00 00    358.00000  5968.320166  2388.133389 -2564.243730  -14.883
2015 12 25 01 00 00    358.04167 -2678.209053 -6330.377236   624.460827  -14.750
2015 12 25 02 00 00    358.08333 -2259.843957  6310.065179  1697.908070  -14.642
2015 12 25 03 00 00    358.12500  5822.496452 -2278.941593 -2955.912337  -14.510
2015 12 25 04 00 00    358.16667 -5687.862506 -3145.122027  2318.915627  -14.357
2015 12 25 05 00 00    358.20833  2007.652772  6619.001352  -216.758264  -14.231
2015 12 25 06 00 00    358.25000  2976.828908 -5892.416410 -2038.706706  -14.123
2015 12 25 07 00 00    358.29167 -6047.431727  1490.876957  2979.772303  -13.986
2015 12 25 08 00 00    358.33333  5351.919412  3888.408747 -2035.723698  -13.836
2015 12 25 09 00 00    358.37500 -1257.137934 -6784.527040  -216.046398  -13.717
2015 12 25 10 00 00    358.41667 -3590.363547  5433.369753  2315.004941  -13.608
2015 12 25 11 00 00    358.45833  6224.119821  -622.081790 -2954.790249  -13.467
2015 12 25 12 00 00    358.50000 -4910.922362 -4539.342048  1702.614471  -13.321
2015 12 25 13 00 00    358.54167   539.806647  6869.239727   622.744715  -13.207
2015 12 25 14 00 00    358.58333  4214.060265 -4839.858510 -2566.394152  -13.096
2015 12 25 15 00 00    358.62500 -6278.586756  -197.585261  2862.152440  -12.952
2015 12 25 16 00 00    358.66667  4427.658606  5147.061662 -1345.491630  -12.811
2015 12 25 17 00 00    358.70833   243.261990 -6822.141922 -1039.372153  -12.703
2015 12 25 18 00 00    358.75000 -4722.266358  4229.459600  2747.559209  -12.588
2015 12 25 19 00 00    358.79167  6272.905126  1065.838707 -2718.874952  -12.442
2015 12 25 20 00 00    358.83333 -3847.459114 -5650.128656   950.044011  -12.308
2015 12 25 21 00 00    358.87500  -966.816556  6701.239113  1412.693303  -12.204
2015 12 25 22 00 00    358.91667  5216.857557 -3497.476466 -2889.717251  -12.085
2015 12 25 23 00 00    358.95833 -6150.181524 -1866.438570  2515.798965  -11.938
2015 12 26 00 00 00    359.00000  3245.276614  6088.196455  -548.311765  -11.811
2015 12 26 01 00 00    359.04167  1738.252482 -6443.505184 -1779.748368  -11.709
2015 12 26 02 00 00    359.08333 -5589.688964  2773.884624  2960.950635  -11.586
2015 12 26 03 00 00    359.12500  5963.469488  2681.415762 -2266.920686  -11.440
2015 12 26 04 00 00    359.16667 -2555.852830 -6410.615118   121.396865  -11.320
2015 12 26 05 00 00    359.20833 -2427.121436  6127.433747  2090.151871  -11.219
2015 12 26 06 00 00    359.25000  5926.770673 -1949.458639 -2983.085090  -11.091
2015 12 26 07 00 00    359.29167 -5666.379439 -3413.092670  1968.258192  -10.948
2015 12 26 08 00 00    359.33333  1869.497030  6655.998380   292.491603  -10.835
2015 12 26 09 00 00    359.37500  3142.654813 -5674.861151 -2378.136585  -10.734
2015 12 26 10 00 00    359.41667 -6140.782945  1157.359742  2938.000445  -10.602
2015 12 26 11 00 00    359.45833  5310.255287  4126.481873 -1634.794928  -10.463
2015 12 26 12 00 00    359.50000 -1108.066252 -6776.382185  -717.030051  -10.356
2015 12 26 13 00 00    359.54167 -3757.518713  5185.334380  2601.072947  -10.254
2015 12 26 14 00 00    359.58333  6301.093683  -291.834345 -2839.178773  -10.118
2015 12 26 15 00 00    359.62500 -4851.520368 -4743.272023  1263.224703   -9.985
2015 12 26 16 00 00    359.66667   376.764319  6818.103645  1110.044995   -9.884
2015 12 26 17 00 00    359.70833  4375.573835 -4566.367441 -2786.928426   -9.778
2015 12 26 18 00 00    359.75000 -6340.840890  -520.058688  2680.374866   -9.641
2015 12 26 19 00 00    359.79167  4347.119433  5314.130455  -872.674612   -9.513
2015 12 26 20 00 00    359.83333   414.219336 -6728.056938 -1498.193394   -9.417
2015 12 26 21 00 00    359.87500 -4880.594387  3934.938910  2904.622409   -9.308
2015 12 26 22 00 00    359.91667  6315.397976  1373.608494 -2469.487869   -9.170
2015 12 26 23 00 00    359.95833 -3749.161547 -5776.942889   457.063346   -9.050
2015 12 27 00 00 00    360.00000 -1148.773713  6567.435814  1839.246976   -8.957
2015 12 27 01 00 00    360.04167  5364.927351 -3188.556854 -2973.689931   -8.843
2015 12 27 02 00 00    360.08333 -6174.591560 -2155.326872  2208.498288   -8.706
2015 12 27 03 00 00    360.12500  3125.880084  6174.002593   -41.106162   -8.593
2015 12 27 04 00 00    360.16667  1924.105465 -6272.196263 -2159.710149   -8.502
2015 12 27 05 00 00    360.20833 -5729.550881  2454.745055  2976.451942   -8.384
2015 12 27 06 00 00    360.25000  5965.187989  2945.645674 -1903.393419   -8.249
2015 12 27 07 00 00    360.29167 -2419.983290 -6453.267860  -385.720522   -8.144
2015 12 27 08 00 00    360.33333 -2619.833055  5922.389033  2421.963850   -8.053
2015 12 27 09 00 00    360.37500  6051.550759 -1627.615028 -2923.674203   -7.931
2015 12 27 10 00 00    360.41667 -5647.507378 -3648.906439  1559.971479   -7.801
2015 12 27 11 00 00    360.45833  1713.824695  6656.495080   793.777849   -7.703
2015 12 27 12 00 00    360.50000  3334.345522 -5440.436758 -2648.853342   -7.610
2015 12 27 13 00 00    360.54167 -6252.188984   836.657454  2810.666697   -7.485
2015 12 27 14 00 00    360.58333  5266.565387  4329.812281 -1185.864730   -7.360
2015 12 27 15 00 00    360.62500  -938.623515 -6734.233045 -1197.691516   -7.268
2015 12 27 16 00 00    360.66667 -3950.866143  4925.373397  2811.675518   -7.173
2015 12 27 17 00 00    360.70833  6392.683130    20.173739 -2640.937107   -7.046
2015 12 27 18 00 00    360.75000 -4785.985704 -4910.984141   786.598679   -6.927
2015 12 27 19 00 00    360.79167   190.250930  6735.611332  1565.513869   -6.841
2015 12 27 20 00 00    360.83333  4562.293260 -4287.047105 -2926.728257   -6.742
2015 12 27 21 00 00    360.87500 -6414.208950  -819.867593  2420.336320   -6.615
2015 12 27 22 00 00    360.91667  4255.802414  5444.116378  -373.928244   -6.503
2015 12 27 23 00 00    360.95833   610.397761 -6606.699496 -1913.931691   -6.420
2015 12 28 00 00 00    361.00000 -5062.967194  3639.862933  2977.194874   -6.318
2015 12 28 01 00 00    361.04167  6364.667812  1654.459956 -2147.993091   -6.191
2015 12 28 02 00 00    361.08333 -3636.315106 -5867.007193   -49.755688   -6.088
2015 12 28 03 00 00    361.12500 -1357.800965  6410.265717  2212.607382   -6.007
2015 12 28 04 00 00    361.16667  5534.663647 -2885.129228 -2971.312694   -5.901
2015 12 28 05 00 00    361.20833 -6201.625987 -2414.068816  1836.504108   -5.776
2015 12 28 06 00 00    361.25000  2987.764576  6223.917675   467.835072   -5.680
2015 12 28 07 00 00    361.29167  2137.429259 -6082.772558 -2477.262062   -5.600
2015 12 28 08 00 00    361.33333 -5888.539869  2146.189540  2905.170298   -5.490
2015 12 28 09 00 00    361.37500  5964.705366  3176.986181 -1484.040375   -5.370
2015 12 28 10 00 00    361.41667 -2262.409496 -6462.159659  -882.152845   -5.281
2015 12 28 11 00 00    361.45833 -2840.392268  5703.981134  2683.441451   -5.201
2015 12 28 12 00 00    361.50000  6191.858352 -1321.781038 -2779.148508   -5.088
2015 12 28 13 00 00    361.54167 -5622.112011 -3850.139847  1105.753383   -4.973
2015 12 28 14 00 00    361.58333  1533.197916  6625.656967  1272.415767   -4.891
2015 12 28 15 00 00    361.62500  3552.823019 -5198.528669 -2842.801244   -4.808
2015 12 28 16 00 00    361.66667 -6375.475129   536.380100  2601.182611   -4.693
2015 12 28 17 00 00    361.70833  5211.513337  4497.513280  -701.880346   -4.584
2015 12 28 18 00 00    361.75000  -742.394654 -6664.468652 -1643.990059   -4.508
2015 12 28 19 00 00    361.79167 -4169.837900  4663.048205  2940.397225   -4.423
2015 12 28 20 00 00    361.83333  6491.636452   307.438701 -2365.580544   -4.307
2015 12 28 21 00 00    361.87500 -4705.103652 -5043.105404   286.502075   -4.206
2015 12 28 22 00 00    361.91667   -25.020182  6629.200745  1975.716007   -4.134
2015 12 28 23 00 00    361.95833  4772.146815 -4011.275540 -2981.500724   -4.045
2015 12 29 00 00 00    362.00000 -6490.590371 -1091.630148  2089.348661   -3.930
2015 12 29 01 00 00    362.04167  4144.777089  5539.172840   136.249917   -3.837
2015 12 29 02 00 00    362.08333   835.761621 -6466.348465 -2274.371976   -3.768
2015 12 29 03 00 00    362.12500 -5265.873153  3353.321724  2962.859999   -3.675
2015 12 29 04 00 00    362.16667  6411.930537  1904.409684 -1763.536308   -3.562
2015 12 29 05 00 00    362.20833 -3500.585004 -5923.925155  -555.687624   -3.477
2015 12 29 06 00 00    362.25000 -1596.473580  6238.665935  2521.664636   -3.409
2015 12 29 07 00 00    362.29167  5721.190300 -2595.606300 -2882.401106   -3.312
2015 12 29 08 00 00    362.33333 -6222.094877 -2640.053184  1410.449834   -3.204
2015 12 29 09 00 00    362.37500  2823.337466  6242.912985   963.616146   -3.126
2015 12 29 10 00 00    362.41667  2379.311233 -5884.534298 -2722.990948   -3.058
2015 12 29 11 00 00    362.45833 -6060.544519  1855.909157  2748.882716   -2.959
2015 12 29 12 00 00    362.50000  5952.612907  3374.374676 -1020.932351   -2.855
2015 12 29 13 00 00    362.54167 -2076.545843 -6443.485910 -1353.402166   -2.785
2015 12 29 14 00 00    362.58333 -3088.378757  5481.718944  2866.688412   -2.716
2015 12 29 15 00 00    362.62500  6340.495603 -1038.552330 -2553.459468   -2.614
2015 12 29 16 00 00    362.66667 -5580.868524 -4017.211309   618.709792   -2.517
2015 12 29 17 00 00    362.70833  1322.156807  6570.757760  1714.302369   -2.453
2015 12 29 18 00 00    362.75000  3796.163351 -4958.491401 -2954.118214   -2.381
2015 12 29 19 00 00    362.79167 -6502.548536   262.040235  2315.382102   -2.279
2015 12 29 20 00 00    362.83333  5136.044288  4631.548727  -196.892459   -2.190
2015 12 29 21 00 00    362.87500  -515.232873 -6575.219966 -2042.822059   -2.130
2015 12 29 22 00 00    362.91667 -4411.040147  4407.457815  2983.185422   -2.055
2015 12 29 23 00 00    362.95833  6589.164510   565.845450 -2020.902751   -1.954
2015 12 30 00 00 00    363.00000 -4600.385025 -5143.030606  -222.539970   -1.872
2015 12 30 01 00 00    363.04167  -271.799398  6507.691368  2328.471309   -1.816
2015 12 30 02 00 00    363.08333  5000.372687 -3747.498682 -2949.403046   -1.738
2015 12 30 03 00 00    363.12500 -6560.741767 -1332.566967  1696.842909   -1.638
2015 12 30 04 00 00    363.16667  4006.287467  5604.086626   642.942465   -1.565
2015 12 30 05 00 00    363.20833  1091.577521 -6316.213466 -2568.854682   -1.511
2015 12 30 06 00 00    363.25000 -5483.273946  3083.071796  2861.733141   -1.429
2015 12 30 07 00 00    363.29167  6447.710080  2122.235085 -1327.156371   -1.334
2015 12 30 08 00 00    363.33333 -3335.201604 -5953.704803 -1045.959090   -1.269
2015 12 30 09 00 00    363.37500 -1864.531828  6062.084188  2757.136554   -1.215
2015 12 30 10 00 00    363.41667  5917.375384 -2326.664985 -2709.287285   -1.130
2015 12 30 11 00 00    363.45833 -6226.560938 -2833.508257   942.612996   -1.040
2015 12 30 12 00 00    363.50000  2626.953527  6238.102130  1431.643996   -0.982
2015 12 30 13 00 00    363.54167  2647.988266 -5686.805784 -2889.530869   -0.928
2015 12 30 14 00 00    363.58333 -6237.488213  1589.529416  2511.867506   -0.841
2015 12 30 15 00 00    363.62500  5919.731110  3539.600651  -527.493211   -0.757
2015 12 30 16 00 00    363.66667 -1858.048416 -6405.230726 -1785.637326   -0.706
2015 12 30 17 00 00    363.70833 -3360.528907  5264.698893  2966.061852   -0.649
2015 12 30 18 00 00    363.75000  6488.679317  -782.162907 -2252.946261   -0.561
2015 12 30 19 00 00    363.79167 -5515.126041 -4153.321987   112.980304   -0.485
2015 12 30 20 00 00    363.83333  1077.761964  6500.497890  2106.338425   -0.439
2015 12 30 21 00 00    363.87500  4059.731872 -4728.796732 -2979.318405   -0.380
2015 12 30 22 00 00    363.91667 -6624.118288    16.566053  1961.371215   -0.293
2015 12 30 23 00 00    363.95833  5032.232990  4736.533089   314.349834   -0.224
2015 12 31 00 00 00    364.00000  -255.677864 -6475.603316 -2382.408952   -0.183
2015 12 31 01 00 00    364.04167 -4668.519633  4166.410293  2938.487375   -0.120
2015 12 31 02 00 00    364.08333  6675.731953   794.026128 -1616.768156   -0.035
2015 12 31 03 00 00    364.12500 -4464.864773 -5216.590634  -725.664732    0.025
2015 12 31 04 00 00    364.16667  -550.001923  6380.463782  2613.224290    0.064
2015 12 31 05 00 00    364.20833  5239.917843 -3502.466192 -2831.112292    0.130
2015 12 31 06 00 00    364.25000 -6615.115165 -1542.735718  1254.110175    0.212
2015 12 31 07 00 00    364.29167  3834.492320  5645.818646  1131.250432    0.263
2015 12 31 08 00 00    364.33333  1376.256913 -6165.583897 -2788.594379    0.302
2015 12 31 09 00 00    364.37500 -5707.120411  2834.835428  2676.478804    0.370
2015 12 31 10 00 00    364.41667  6462.705556  2309.566636  -851.478351    0.447
2015 12 31 11 00 00    364.45833 -3135.610050 -5964.188272 -1506.182593    0.491
2015 12 31 12 00 00    364.50000 -2158.856476  5889.605068  2911.855764    0.529
2015 12 31 13 00 00    364.54167  6114.454234 -2082.647706 -2456.771426    0.600
2015 12 31 14 00 00    364.58333 -6206.208276 -2997.459171   446.567033    0.670
2015 12 31 15 00 00    364.62500  2395.470558  6218.068506  1858.063410    0.707
2015 12 31 16 00 00    364.66667  2938.966214 -5498.079040 -2971.788501    0.747
2015 12 31 17 00 00    364.70833 -6410.041919  1350.109013  2200.799892    0.819
2015 12 31 18 00 00    364.75000  5857.962824  3677.120127   -18.115850    0.882
2015 12 31 19 00 00    364.79167 -1605.248671 -6356.417553 -2166.103109    0.913
2015 12 31 20 00 00    364.83333 -3650.988457  5060.768836  2978.355207    0.956
2015 12 31 21 00 00    364.87500  6626.825522  -554.112999 -1886.171167    1.027
2015 12 31 22 00 00    364.91667 -5417.715782 -4264.139301  -396.670906    1.082
2015 12 31 23 00 00    364.95833   799.908035  6424.187954  2436.824105    1.108
