2016 07 01 00 00 00    183.00000 -5067.977702  3633.761437 -2983.076215   40.156
2016 07 01 01 00 00    183.04167  6416.323194  1571.289761  1999.470253   40.290
2016 07 01 02 00 00    183.08333 -3749.353001 -5809.149766   256.033561   40.395
2016 07 01 03 00 00    183.12500 -1321.064979  6357.102277 -2355.163630   40.485
2016 07 01 04 00 00    183.16667  5521.248045 -2922.567043  2943.881626   40.606
2016 07 01 05 00 00    183.20833 -6279.554574 -2384.179854 -1659.076807   40.736
2016 07 01 06 00 00    183.25000  3045.866170  6155.899697  -688.005551   40.833
2016 07 01 07 00 00    183.29167  2076.988662 -6063.082954  2589.093106   40.924
2016 07 01 08 00 00    183.33333 -5935.066687  2119.377563 -2845.287901   41.048
2016 07 01 09 00 00    183.37500  6018.378717  3124.830825  1283.320078   41.172
2016 07 01 10 00 00    183.41667 -2334.198365 -6419.222527  1094.184927   41.263
2016 07 01 11 00 00    183.45833 -2862.691344  5639.773380 -2780.049060   41.355
2016 07 01 12 00 00    183.50000  6218.581350 -1334.639289  2686.849350   41.480
2016 07 01 13 00 00    183.54167 -5687.721436 -3840.054180  -881.904143   41.597
2016 07 01 14 00 00    183.58333  1536.945778  6563.745861 -1489.212125   41.682
2016 07 01 15 00 00    183.62500  3550.425085 -5168.317578  2903.748021   41.778
2016 07 01 16 00 00    183.66667 -6441.615074   485.717297 -2470.545093   41.903
2016 07 01 17 00 00    183.70833  5240.233027  4468.001753   459.727687   42.012
2016 07 01 18 00 00    183.75000  -760.542062 -6622.773376  1841.193622   42.093
2016 07 01 19 00 00    183.79167 -4240.395322  4575.741976 -2972.992676   42.191
2016 07 01 20 00 00    183.83333  6533.704002   322.707998  2205.192738   42.315
2016 07 01 21 00 00    183.87500 -4736.370607 -5043.466746   -31.270931   42.416
2016 07 01 22 00 00    183.91667   -82.388051  6556.281774 -2165.880366   42.493
2016 07 01 23 00 00    183.95833  4816.007322 -3958.632246  2976.096448   42.595
2016 07 02 00 00 00    184.00000 -6551.642262 -1163.636954 -1890.067124   42.716
2016 07 02 01 00 00    184.04167  4125.954218  5518.692841  -402.354203   42.808
2016 07 02 02 00 00    184.08333   875.402567 -6411.649721  2434.770007   42.884
2016 07 02 03 00 00    184.12500 -5366.223786  3235.926328 -2918.058913   42.989
2016 07 02 04 00 00    184.16667  6441.804009  1944.660753  1539.072010   43.105
2016 07 02 05 00 00    184.20833 -3480.327087 -5922.167113   822.003977   43.190
2016 07 02 06 00 00    184.25000 -1711.812590  6139.274855 -2661.556521   43.265
2016 07 02 07 00 00    184.29167  5791.627856 -2513.208098  2799.959630   43.372
2016 07 02 08 00 00    184.33333 -6253.304286 -2725.708635 -1152.163547   43.483
2016 07 02 09 00 00    184.37500  2741.631061  6214.584481 -1230.749370   43.559
2016 07 02 10 00 00    184.41667  2471.856480 -5803.790836  2825.371773   43.636
2016 07 02 11 00 00    184.45833 -6166.644137  1707.234494 -2619.928662   43.744
2016 07 02 12 00 00    184.50000  5943.412529  3430.112800   744.154624   43.847
2016 07 02 13 00 00    184.54167 -1994.518207 -6425.270210  1606.836887   43.917
2016 07 02 14 00 00    184.58333 -3248.940639  5344.049032 -2934.991609   43.996
2016 07 02 15 00 00    184.62500  6412.012427  -924.845784  2389.896559   44.104
2016 07 02 16 00 00    184.66667 -5560.208023 -4104.521733  -318.252188   44.199
2016 07 02 17 00 00    184.70833  1171.544835  6516.725100 -1956.157510   44.263
2016 07 02 18 00 00    184.75000  3927.791717 -4841.584586  2980.337404   44.344
2016 07 02 19 00 00    184.79167 -6587.415190    86.837679 -2103.481442   44.451
2016 07 02 20 00 00    184.83333  5064.990195  4688.030249  -113.040074   44.537
2016 07 02 21 00 00    184.87500  -369.653887 -6526.037040  2257.810246   44.598
2016 07 02 22 00 00    184.91667 -4595.761831  4224.875899 -2963.518099   44.681
2016 07 02 23 00 00    184.95833  6633.296560   706.068065  1780.042321   44.785
2016 07 03 00 00 00    185.00000 -4511.147672 -5216.937314   542.226937   44.862
2016 07 03 01 00 00    185.04167  -486.958170  6411.456597 -2517.986282   44.920
2016 07 03 02 00 00    185.08333  5149.362762 -3588.748208  2886.617325   45.006
2016 07 03 03 00 00    185.12500 -6597.408140 -1524.014187 -1411.735492   45.105
2016 07 03 04 00 00    185.16667  3857.787641  5643.041983  -960.746346   45.173
2016 07 03 05 00 00    185.20833  1293.239107 -6223.044126  2720.630279   45.230
2016 07 03 06 00 00    185.25000 -5664.912016  2855.053669 -2744.871374   45.318
2016 07 03 07 00 00    185.29167  6436.384675  2277.957167  1021.305355   45.410
2016 07 03 08 00 00    185.33333 -3168.188700 -5997.564244  1357.587629   45.470
2016 07 03 09 00 00    185.37500 -2129.541180  5910.630935 -2869.405834   45.527
2016 07 03 10 00 00    185.41667  6056.064261 -2125.988297  2551.889557   45.616
2016 07 03 11 00 00    185.45833 -6191.094955 -3026.272758  -602.298838   45.701
2016 07 03 12 00 00    185.50000  2394.982725  6239.873065 -1728.017106   45.753
2016 07 03 13 00 00    185.54167  2889.088319 -5539.733959  2956.651467   45.811
2016 07 03 14 00 00    185.58333 -6385.401881  1321.987639 -2297.338486   45.900
2016 07 03 15 00 00    185.62500  5828.785453  3694.415735   177.130483   45.976
2016 07 03 16 00 00    185.66667 -1613.152159 -6402.440893  2059.877992   46.022
2016 07 03 17 00 00    185.70833 -3651.484889  5050.213898 -2981.208093   46.082
2016 07 03 18 00 00    185.75000  6586.223216  -545.737138  2003.967488   46.169
2016 07 03 19 00 00    185.79167 -5389.465890 -4329.106305   257.401103   46.236
2016 07 03 20 00 00    185.83333   767.260573  6446.339993 -2350.706048   46.277
2016 07 03 21 00 00    185.87500  4315.452567 -4522.455041  2946.096247   46.339
2016 07 03 22 00 00    185.91667 -6707.461640  -278.410905 -1658.234238   46.422
2016 07 03 23 00 00    185.95833  4844.702370  4870.119716  -681.828769   46.480
2016 07 04 00 00 00    186.00000    57.304770 -6411.275234  2590.550316   46.518
2016 07 04 01 00 00    186.04167 -4954.411853  3887.477390 -2844.178996   46.581
2016 07 04 02 00 00    186.08333  6701.445099  1053.707710  1288.533166   46.660
2016 07 04 03 00 00    186.12500 -4239.220774 -5355.282211  1095.726873   46.709
2016 07 04 04 00 00    186.16667  -922.864464  6254.767958 -2776.841461   46.744
2016 07 04 05 00 00    186.20833  5479.187020 -3237.189868  2689.717492   46.809
2016 07 04 06 00 00    186.25000 -6606.167568 -1847.680078  -880.817497   46.882
2016 07 04 07 00 00    186.29167  3543.286176  5735.902020 -1483.673461   46.921
2016 07 04 08 00 00    186.33333  1737.694237 -6028.158627  2905.336497   46.955
2016 07 04 09 00 00    186.37500 -5952.715857  2497.037905 -2469.819310   47.021
2016 07 04 10 00 00    186.41667  6389.659878  2574.295719   465.356264   47.086
2016 07 04 11 00 00    186.45833 -2810.213155 -6045.582880  1842.807338   47.117
2016 07 04 12 00 00    186.50000 -2567.586055  5681.829018 -2970.935559   47.152
2016 07 04 13 00 00    186.54167  6302.686077 -1765.212451  2208.774735   47.217
2016 07 04 14 00 00    186.58333 -6083.553771 -3290.775874   -29.880714   47.273
2016 07 04 15 00 00    186.62500  2005.119547  6242.659677 -2161.328413   47.297
2016 07 04 16 00 00    186.66667  3320.402987 -5280.790853  2977.928370   47.333
2016 07 04 17 00 00    186.70833 -6579.305443   966.024068 -1889.374666   47.397
2016 07 04 18 00 00    186.75000  5666.468013  3924.210452  -396.705852   47.443
2016 07 04 19 00 00    186.79167 -1191.271372 -6361.999312  2436.370412   47.462
2016 07 04 20 00 00    186.83333 -4060.760311  4766.924739 -2916.889681   47.499
2016 07 04 21 00 00    186.87500  6729.289001  -197.946895  1543.314952   47.559
2016 07 04 22 00 00    186.91667 -5168.984797 -4521.710314   823.640460   47.596
2016 07 04 23 00 00    186.95833   327.171788  6363.872476 -2658.177323   47.610
2016 07 05 00 00 00    187.00000  4702.667612 -4218.344108  2802.170597   47.648
2016 07 05 01 00 00    187.04167 -6790.292381  -611.342931 -1151.249386   47.705
2016 07 05 02 00 00    187.08333  4574.603991  5023.346284 -1225.505567   47.731
2016 07 05 03 00 00    187.12500   515.336006 -6289.544052  2826.930762   47.742
2016 07 05 04 00 00    187.16667 -5304.842683  3569.309469 -2619.287724   47.782
2016 07 05 05 00 00    187.20833  6727.449474  1368.672290   748.876511   47.832
2016 07 05 06 00 00    187.25000 -3917.681402 -5468.515934  1608.588650   47.848
2016 07 05 07 00 00    187.29167 -1383.418861  6096.648395 -2932.780594   47.858
2016 07 05 08 00 00    187.33333  5793.380820 -2908.155951  2392.598727   47.898
2016 07 05 09 00 00    187.37500 -6568.272731 -2139.453656  -316.996008   47.940
2016 07 05 10 00 00    187.41667  3181.490101  5807.926723 -1951.693933   47.948
2016 07 05 11 00 00    187.45833  2200.415779 -5836.645408  2981.898920   47.957
2016 07 05 12 00 00    187.50000 -6217.378326  2164.183497 -2102.993762   47.998
2016 07 05 13 00 00    187.54167  6293.314205  2840.015289  -108.135764   48.031
2016 07 05 14 00 00    187.58333 -2407.450795 -6077.238685  2259.528473   48.031
2016 07 05 15 00 00    187.62500 -3016.298117  5461.329096 -2962.291063   48.040
2016 07 05 16 00 00    187.66667  6519.298312 -1431.467004  1783.276006   48.079
2016 07 05 17 00 00    187.70833 -5923.909641 -3526.975751   543.805112   48.102
2016 07 05 18 00 00    187.75000  1575.029008  6233.982697 -2514.558855   48.096
2016 07 05 19 00 00    187.79167  3754.923270 -5034.184718  2888.285598   48.107
2016 07 05 20 00 00    187.83333 -6736.633466   638.002630 -1411.090296   48.142
2016 07 05 21 00 00    187.87500  5451.440550  4128.391841  -956.025758   48.156
2016 07 05 22 00 00    187.91667  -733.823914 -6314.748651  2722.202870   48.144
2016 07 05 23 00 00    187.95833 -4465.120985  4499.782707 -2744.312201   48.156
2016 07 06 00 00 00    188.00000  6830.213020   121.554031  1025.003553   48.187
2016 07 06 01 00 00    188.04167 -4895.632153 -4692.153855  1359.356952   48.190
2016 07 06 02 00 00    188.08333  -142.056424  6279.522343 -2867.102112   48.175
2016 07 06 03 00 00    188.12500  5077.140034 -3933.301927  2553.793196   48.188
2016 07 06 04 00 00    188.16667 -6825.978945  -916.742611  -601.308750   48.213
2016 07 06 05 00 00    188.20833  4253.532445  5158.149251 -1723.848382   48.206
2016 07 06 06 00 00    188.25000   996.064710 -6170.254207  2958.039904   48.189
2016 07 06 07 00 00    188.29167 -5634.600662  3272.555983 -2297.073071   48.203
2016 07 06 08 00 00    188.33333  6702.692460  1657.221359   181.109828   48.221
2016 07 06 09 00 00    188.37500 -3547.411411 -5567.425369  2061.650487   48.204
2016 07 06 10 00 00    188.41667 -1858.929230  5945.345290 -2979.934717   48.186
2016 07 06 11 00 00    188.45833  6079.499875 -2602.136027  2006.211120   48.200
2016 07 06 12 00 00    188.50000 -6476.671680 -2406.995434   258.773815   48.209
2016 07 06 13 00 00    188.54167  2775.247750  5869.924130 -2347.386860   48.185
2016 07 06 14 00 00    188.58333  2670.432956 -5655.509671  2947.345391   48.167
2016 07 06 15 00 00    188.62500 -6446.935087  1855.077752 -1657.912978   48.179
2016 07 06 16 00 00    188.66667  6142.044935  3083.874993  -677.847174   48.178
2016 07 06 17 00 00    188.70833 -1964.748984 -6103.088883  2592.142344   48.147
2016 07 06 18 00 00    188.75000 -3463.925785  5254.546322 -2843.687176   48.130
2016 07 06 19 00 00    188.79167  6694.616519 -1121.684754  1291.150607   48.139
2016 07 06 20 00 00    188.83333 -5708.772692 -3744.538376  1097.379824   48.129
2016 07 06 21 00 00    188.87500  1111.305944  6223.810791 -2774.537910   48.092
2016 07 06 22 00 00    188.91667  4180.192472 -4803.781192  2690.937612   48.076
2016 07 06 23 00 00    188.95833 -6847.180852   333.124442  -880.189059   48.082
