2015 12 01 00 00 00    334.00000   155.303834  6748.075568 -1456.190141  -21.548
2015 12 01 01 00 00    334.04167  4548.566154 -4328.965418  2899.435999  -21.703
2015 12 01 02 00 00    334.08333 -6390.629371  -842.244212 -2488.781817  -21.871
2015 12 01 03 00 00    334.12500  4219.635307  5446.089065   504.166948  -22.007
2015 12 01 04 00 00    334.16667   620.805642 -6646.693838  1813.134868  -22.135
2015 12 01 05 00 00    334.20833 -5066.256787  3636.327569 -2966.544542  -22.295
2015 12 01 06 00 00    334.25000  6332.068451  1631.059477  2240.323528  -22.460
2015 12 01 07 00 00    334.29167 -3605.594849 -5900.591435   -76.469535  -22.592
2015 12 01 08 00 00    334.33333 -1381.049471  6423.203386 -2124.427243  -22.724
2015 12 01 09 00 00    334.37500  5510.585993 -2926.717009  2981.939690  -22.888
2015 12 01 10 00 00    334.41667 -6171.174428 -2438.488865 -1932.029849  -23.048
2015 12 01 11 00 00    334.45833  2957.727539  6232.714469  -336.345877  -23.177
2015 12 01 12 00 00    334.50000  2133.019248 -6126.028698  2402.167266  -23.313
2015 12 01 13 00 00    334.54167 -5877.665778  2138.989890 -2929.235064  -23.481
2015 12 01 14 00 00    334.58333  5932.952538  3161.591294  1601.535450  -23.636
2015 12 01 15 00 00    334.62500 -2242.353130 -6498.425509   758.316589  -23.762
2015 12 01 16 00 00    334.66667 -2850.343854  5715.780563 -2623.600243  -23.905
2015 12 01 17 00 00    334.70833  6161.411255 -1360.613023  2828.036126  -24.074
2015 12 01 18 00 00    334.75000 -5590.840374 -3876.867150 -1221.690178  -24.224
2015 12 01 19 00 00    334.79167  1512.283884  6639.908262 -1150.050638  -24.348
2015 12 01 20 00 00    334.83333  3534.906537 -5244.306894  2800.840791  -24.497
2015 12 01 21 00 00    334.87500 -6353.812929   525.436526 -2659.035503  -24.666
2015 12 01 22 00 00    334.91667  5184.513809  4491.073073   835.514662  -24.810
2015 12 01 23 00 00    334.95833  -736.188739 -6704.198037  1533.076044  -24.935
2015 12 02 00 00 00    335.00000 -4166.383119  4672.335326 -2914.030309  -25.089
2015 12 02 01 00 00    335.04167  6459.363128   273.881146  2449.807704  -25.258
2015 12 02 02 00 00    335.08333 -4678.939831 -5072.653662  -414.153118  -25.395
2015 12 02 03 00 00    335.12500   -34.699445  6647.062133 -1872.186189  -25.523
2015 12 02 04 00 00    335.16667  4743.740013 -4058.019219  2977.519400  -25.682
2015 12 02 05 00 00    335.20833 -6462.874421 -1106.370021 -2177.388326  -25.847
2015 12 02 06 00 00    335.25000  4125.903654  5541.724073     3.101913  -25.980
2015 12 02 07 00 00    335.29167   826.968367 -6509.785223  2186.327693  -26.111
2015 12 02 08 00 00    335.33333 -5250.507664  3359.042579 -2972.640802  -26.274
2015 12 02 09 00 00    335.37500  6382.470079  1878.349277  1877.137685  -26.435
2015 12 02 10 00 00    335.41667 -3484.580637 -5956.897846   426.447180  -26.563
2015 12 02 11 00 00    335.45833 -1593.942639  6258.087429 -2445.284820  -26.699
2015 12 02 12 00 00    335.50000  5686.594531 -2641.160352  2918.136215  -26.865
2015 12 02 13 00 00    335.54167 -6193.850571 -2658.696551 -1522.528350  -27.021
2015 12 02 14 00 00    335.58333  2815.157747  6253.615568  -829.506018  -27.146
2015 12 02 15 00 00    335.62500  2356.472853 -5931.239876  2666.246595  -27.286
2015 12 02 16 00 00    335.66667 -6036.298247  1857.332690 -2794.765268  -27.455
2015 12 02 17 00 00    335.70833  5930.261994  3357.418490  1155.390894  -27.605
2015 12 02 18 00 00    335.75000 -2074.246139 -6480.373575  1233.338914  -27.728
2015 12 02 19 00 00    335.79167 -3073.986833  5500.694952 -2823.754213  -27.874
2015 12 02 20 00 00    335.83333  6304.781548 -1080.473936  2627.308261  -28.042
2015 12 02 21 00 00    335.87500 -5557.720663 -4039.943083  -746.472085  -28.186
2015 12 02 22 00 00    335.91667  1326.202156  6588.055882 -1596.051405  -28.309
2015 12 02 23 00 00    335.95833  3762.161910 -5007.331549  2934.761594  -28.460
2015 12 03 00 00 00    336.00000 -6473.710136   258.707020 -2394.510361  -28.627
2015 12 03 01 00 00    336.04167  5124.371309  4624.485935   341.850455  -28.765
2015 12 03 02 00 00    336.08333  -528.247217 -6616.206150  1942.436917  -28.890
2015 12 03 03 00 00    336.12500 -4386.537811  4424.217842 -2977.489384  -29.046
2015 12 03 04 00 00    336.16667  6557.617698   529.947865  2127.996848  -29.210
2015 12 03 05 00 00    336.20833 -4587.338548 -5170.071299    89.101003  -29.341
2015 12 03 06 00 00    336.25000  -255.210163  6529.553170 -2235.521394  -29.469
2015 12 03 07 00 00    336.29167  4959.648744 -3796.751574  2970.551891  -29.629
2015 12 03 08 00 00    336.33333 -6532.397131 -1340.914155 -1803.652275  -29.789
2015 12 03 09 00 00    336.37500  4007.815727  5606.819360  -498.823970  -29.916
2015 12 03 10 00 00    336.41667  1063.767210 -6361.036539  2497.446432  -30.047
2015 12 03 11 00 00    336.45833 -5451.740877  3096.196899 -2894.243251  -30.210
2015 12 03 12 00 00    336.50000  6425.283884  2094.388860  1459.731279  -30.364
2015 12 03 13 00 00    336.54167 -3335.990375 -5985.225448   917.759787  -30.487
2015 12 03 14 00 00    336.58333 -1836.390370  6086.270028 -2697.020334  -30.623
2015 12 03 15 00 00    336.62500  5875.412999 -2374.219957  2770.722344  -30.788
2015 12 03 16 00 00    336.66667 -6203.999051 -2846.988469 -1069.140928  -30.936
2015 12 03 17 00 00    336.70833  2642.929793  6249.703141 -1299.754238  -31.057
2015 12 03 18 00 00    336.75000  2607.972616 -5734.700756  2854.326834  -31.197
2015 12 03 19 00 00    336.79167 -6203.098910  1597.993885 -2580.590551  -31.362
2015 12 03 20 00 00    336.83333  5910.551163  3521.223438   675.516261  -31.504
2015 12 03 21 00 00    336.87500 -1874.635105 -6441.251114  1673.627273  -31.623
2015 12 03 22 00 00    336.91667 -3323.138536  5289.012186 -2943.814914  -31.769
2015 12 03 23 00 00    336.95833  6451.401889  -825.771407  2351.041601  -31.933
2015 12 04 00 00 00    337.00000 -5503.185535 -4171.955298  -249.387772  -32.067
2015 12 04 01 00 00    337.04167  1108.017845  6519.373718 -1997.194563  -32.188
2015 12 04 02 00 00    337.08333  4011.891133 -4778.523290  2984.762516  -32.338
2015 12 04 03 00 00    337.12500 -6591.749765    19.721695 -2061.419236  -32.499
2015 12 04 04 00 00    337.16667  5039.189044  4728.288672  -162.354758  -32.627
2015 12 04 05 00 00    337.20833  -287.964912 -6515.904034  2296.639306  -32.749
2015 12 04 06 00 00    337.25000 -4625.375744  4188.895882 -2956.238110  -32.904
2015 12 04 07 00 00    337.29167  6648.870530   756.494435  1744.725162  -33.060
2015 12 04 08 00 00    337.33333 -4467.309313 -5240.308202   590.381492  -33.183
2015 12 04 09 00 00    337.37500  -507.085107  6404.581995 -2535.627018  -33.308
2015 12 04 10 00 00    337.41667  5189.956742 -3552.407322  2878.383730  -33.465
2015 12 04 11 00 00    337.45833 -6589.831472 -1545.207548 -1377.983803  -33.616
2015 12 04 12 00 00    337.50000  3858.944103  5647.581152  -987.255715  -33.735
2015 12 04 13 00 00    337.54167  1330.484369 -6209.655843  2737.322858  -33.863
2015 12 04 14 00 00    337.58333 -5662.657090  2853.911545 -2733.241807  -34.022
2015 12 04 15 00 00    337.62500  6451.193427  2279.897644   999.842720  -34.166
2015 12 04 16 00 00    337.66667 -3154.611269 -5992.827458  1383.340591  -34.282
2015 12 04 17 00 00    337.70833 -2106.267521  5916.743588 -2872.181936  -34.415
2015 12 04 18 00 00    337.75000  6068.803008 -2130.953878  2543.580133  -34.574
2015 12 04 19 00 00    337.79167 -6192.681972 -3005.613896  -584.652965  -34.711
2015 12 04 20 00 00    337.83333  2437.089388  6228.986518 -1733.549023  -34.825
2015 12 04 21 00 00    337.87500  2883.866445 -5545.115101  2960.707317  -34.963
2015 12 04 22 00 00    337.91667 -6369.255686  1364.628633 -2292.491782  -35.120
2015 12 04 23 00 00    337.95833  5865.410547  3656.583366   175.534166  -35.251
2015 12 05 00 00 00    338.00000 -1641.038559 -6389.712362  2066.410467  -35.364
2015 12 05 01 00 00    338.04167 -3592.890792  5088.749034 -2980.036475  -35.506
2015 12 05 02 00 00    338.08333  6591.964074  -598.868214  2006.853091  -35.660
2015 12 05 03 00 00    338.12500 -5419.655664 -4277.839441   255.410168  -35.784
2015 12 05 04 00 00    338.16667   856.660625  6442.830435 -2341.831815  -35.898
2015 12 05 05 00 00    338.20833  4277.859700 -4565.185247  2949.069479  -36.044
2015 12 05 06 00 00    338.25000 -6698.506516  -190.697302 -1668.995425  -36.194
2015 12 05 07 00 00    338.29167  4922.330474  4808.537101  -662.681692  -36.311
2015 12 05 08 00 00    338.33333   -15.861779 -6412.447322  2585.293258  -36.427
2015 12 05 09 00 00    338.37500 -4875.688251  3972.584820 -2850.536576  -36.576
2015 12 05 10 00 00    338.41667  6723.693906   954.084994  1310.749252  -36.720
2015 12 05 11 00 00    338.45833 -4313.423619 -5290.477220  1075.295643  -36.832
2015 12 05 12 00 00    338.50000  -788.391264  6281.134349 -2763.671936  -36.951
2015 12 05 13 00 00    338.54167  5426.465192 -3330.142671  2703.317138  -37.102
2015 12 05 14 00 00    338.58333 -6626.111387 -1721.339866  -912.354022  -37.239
2015 12 05 15 00 00    338.62500  3675.108047  5671.905992 -1448.130626  -37.347
2015 12 05 16 00 00    338.66667  1623.633247 -6064.348429  2898.781779  -37.470
2015 12 05 17 00 00    338.70833 -5874.469107  2635.966759 -2493.893075  -37.621
2015 12 05 18 00 00    338.75000  6451.619402  2438.298409   510.518000  -37.751
2015 12 05 19 00 00    338.79167 -2937.736551 -5988.256719  1809.710050  -37.856
2015 12 05 20 00 00    338.83333 -2398.820520  5757.571731 -2965.453181  -37.983
2015 12 05 21 00 00    338.87500  6257.426333 -1913.850177  2242.916968  -38.132
2015 12 05 22 00 00    338.91667 -6152.135072 -3139.356522   -82.833005  -38.254
2015 12 05 23 00 00    338.95833  2196.342438  6200.371561 -2118.306827  -38.358
2015 12 06 00 00 00    339.00000  3178.037080 -5369.836017  2982.004561  -38.489
2015 12 06 01 00 00    339.04167 -6525.295205  1158.201510 -1938.402333  -38.635
2015 12 06 02 00 00    339.08333  5787.991691  3769.417063  -330.258988  -38.750
2015 12 06 03 00 00    339.12500 -1373.763134 -6334.860020  2400.204922  -38.854
2015 12 06 04 00 00    339.16667 -3876.137243  4906.210613 -2931.038379  -38.988
2015 12 06 05 00 00    339.20833  6716.939805  -399.338910  1604.373954  -39.129
2015 12 06 06 00 00    339.25000 -5301.480081 -4364.578537   753.449796  -39.238
2015 12 06 07 00 00    339.29167   573.860825  6367.404071 -2619.858489  -39.343
2015 12 06 08 00 00    339.33333  4551.924754 -4372.561539  2828.367994  -39.480
2015 12 06 09 00 00    339.37500 -6784.794175  -374.492897 -1228.238279  -39.615
2015 12 06 10 00 00    339.41667  4769.381550  4873.023899 -1144.726098  -39.717
2015 12 06 11 00 00    339.45833   284.757616 -6314.539398  2799.833819  -39.824
2015 12 06 12 00 00    339.50000 -5128.725656  3779.183749 -2663.056617  -39.963
2015 12 06 13 00 00    339.54167  6773.344916  1126.004545   838.366533  -40.091
2015 12 06 14 00 00    339.58333 -4122.737719 -5329.036625  1529.826923  -40.188
2015 12 06 15 00 00    339.62500 -1094.540419  6167.318197 -2912.828878  -40.298
2015 12 06 16 00 00    339.66667  5659.821746 -3132.558523  2450.063774  -40.437
2015 12 06 17 00 00    339.70833 -6633.290474 -1873.956549  -419.967749  -40.557
2015 12 06 18 00 00    339.75000  3454.780353  5688.641322 -1868.087232  -40.651
2015 12 06 19 00 00    339.79167  1937.230954 -5932.511864  2976.865598  -40.764
2015 12 06 20 00 00    339.83333 -6077.668143  2443.460805 -2182.724150  -40.901
2015 12 06 21 00 00    339.87500  6419.502273  2575.387728     5.744405  -41.014
2015 12 06 22 00 00    339.91667 -2685.444563 -5980.565928  2184.433729  -41.104
2015 12 06 23 00 00    339.95833 -2707.056821  5615.145961 -2973.822865  -41.221
2015 12 07 00 00 00    340.00000  6431.668003 -1722.607546  1877.109376  -41.355
2015 12 07 01 00 00    340.04167 -6076.481524 -3255.082163   421.954925  -41.460
2015 12 07 02 00 00    340.08333  1922.206208  6172.829476 -2442.772176  -41.550
2015 12 07 03 00 00    340.12500  3482.415209 -5214.188190  2917.270760  -41.669
2015 12 07 04 00 00    340.16667 -6661.921776   976.904819 -1528.204978  -41.799
2015 12 07 05 00 00    340.20833  5673.643043  3867.424587  -827.302339  -41.895
2015 12 07 06 00 00    340.25000 -1075.914619 -6285.395292  2665.158781  -41.985
2015 12 07 07 00 00    340.29167 -4164.178449  4745.410294 -2797.867178  -42.107
2015 12 07 08 00 00    340.33333  6817.432612  -224.020518  1154.990440  -42.231
2015 12 07 09 00 00    340.37500 -5145.468850 -4440.546145  1230.356470  -42.320
2015 12 07 10 00 00    340.41667   264.030538  6301.245756 -2823.015763  -42.412
2015 12 07 11 00 00    340.45833  4824.737448 -4203.356454  2625.806595  -42.535
2015 12 07 12 00 00    340.50000 -6842.490582  -536.185773  -751.616544  -42.651
2015 12 07 13 00 00    340.54167  4578.574094  4930.545004 -1594.516904  -42.735
2015 12 07 14 00 00    340.58333   608.062414 -6229.619743  2933.784583  -42.828
2015 12 07 15 00 00    340.62500 -5374.957304  3609.917879 -2398.830659  -42.952
2015 12 07 16 00 00    340.66667  6790.557673  1277.942720   341.072408  -43.060
2015 12 07 17 00 00    340.70833 -3895.088070 -5364.995442  1940.745688  -43.138
2015 12 07 18 00 00    340.75000 -1418.665216  6069.609252 -2978.486491  -43.235
2015 12 07 19 00 00    340.79167  5880.341226 -2959.465871  2125.631994  -43.356
2015 12 07 20 00 00    340.83333 -6605.266461 -2009.820034    85.104875  -43.456
2015 12 07 21 00 00    340.87500  3199.255361  5706.754531 -2234.857536  -43.531
2015 12 07 22 00 00    340.91667  2263.300026 -5819.547069  2968.997057  -43.630
2015 12 07 23 00 00    340.95833 -6262.861827  2274.711559 -1808.370896  -43.748
2015 12 08 00 00 00    341.00000  6349.952056  2698.785951  -499.948359  -43.839
2015 12 08 01 00 00    341.04167 -2400.626043 -5978.457155  2496.492673  -43.912
2015 12 08 02 00 00    341.08333 -3022.339820  5493.590834 -2896.692176  -44.014
2015 12 08 03 00 00    341.12500  6582.491439 -1554.171154  1456.481317  -44.128
2015 12 08 04 00 00    341.16667 -5962.279285 -3361.091988   915.162112  -44.210
2015 12 08 05 00 00    341.20833  1618.905982  6154.554928 -2697.352602  -44.282
2015 12 08 06 00 00    341.25000  3787.674200 -5080.973016  2768.043482  -44.386
2015 12 08 07 00 00    341.29167 -6770.847185   816.330187 -1073.469668  -44.493
2015 12 08 08 00 00    341.33333  5520.349757  3959.359587 -1301.192349  -44.568
2015 12 08 09 00 00    341.37500  -753.154153 -6248.800127  2853.351597  -44.640
2015 12 08 10 00 00    341.41667 -4447.475823  4607.695439 -2583.991187  -44.744
2015 12 08 11 00 00    341.45833  6885.978846   -67.315637   671.529201  -44.845
2015 12 08 12 00 00    341.50000 -4951.205245 -4514.717137  1672.271909  -44.912
2015 12 08 13 00 00    341.54167   -66.099348  6250.914424 -2945.142956  -44.986
2015 12 08 14 00 00    341.58333  5086.560696 -4057.484591  2346.929193  -45.090
2015 12 08 15 00 00    341.62500 -6865.272443  -682.449083  -252.724211  -45.182
2015 12 08 16 00 00    341.66667  4350.970703  4990.069264 -1998.925712  -45.243
2015 12 08 17 00 00    341.70833   946.185542 -6163.164229  2982.963202  -45.319
2015 12 08 18 00 00    341.75000 -5604.908420  3463.223151 -2065.133392  -45.422
2015 12 08 19 00 00    341.79167  6770.206457  1417.453892  -166.822643  -45.505
2015 12 08 20 00 00    341.83333 -3633.135352 -5407.062985  2296.001222  -45.561
2015 12 08 21 00 00    341.87500 -1752.204261  5992.241469 -2958.401123  -45.639
2015 12 08 22 00 00    341.91667  6078.863188 -2807.906771  1739.145699  -45.739
2015 12 08 23 00 00    341.95833 -6538.343193 -2137.173067   588.327754  -45.812
2015 12 09 00 00 00    342.00000  2912.561165  5734.485986 -2537.630863  -45.866
2015 12 09 01 00 00    342.04167  2592.555256 -5728.349482  2875.075026  -45.945
2015 12 09 02 00 00    342.08333 -6421.608416  2125.412246 -1381.353480  -46.040
2015 12 09 03 00 00    342.12500  6240.704303  2817.215492  -991.907880  -46.105
2015 12 09 04 00 00    342.16667 -2088.755288 -5989.458540  2736.615840  -46.156
2015 12 09 05 00 00    342.20833 -3335.136945  5394.372862 -2735.915544  -46.237
2015 12 09 06 00 00    342.25000  6702.247376 -1403.022661   993.022049  -46.326
2015 12 09 07 00 00    342.29167 -5808.850295 -3466.338894  1382.476948  -46.382
2015 12 09 08 00 00    342.33333  1293.025003  6152.190423 -2874.408671  -46.433
2015 12 09 09 00 00    342.37500  4084.044443 -4970.203376  2538.324221  -46.515
2015 12 09 10 00 00    342.41667 -6845.535426   669.880351  -587.138146  -46.596
2015 12 09 11 00 00    342.45833  5328.935488  4054.199862 -1738.104265  -46.644
2015 12 09 12 00 00    342.50000  -413.220119 -6230.627112  2959.040586  -46.695
2015 12 09 13 00 00    342.54167 -4716.487318  4491.614791 -2295.227027  -46.776
2015 12 09 14 00 00    342.58333  6917.223502    78.277733   167.895642  -46.849
2015 12 09 15 00 00    342.62500 -4721.107000 -4595.817575  2066.262877  -46.890
2015 12 09 16 00 00    342.66667  -408.054805  6220.752901 -2982.372701  -46.942
2015 12 09 17 00 00    342.70833  5328.128449 -3932.076798  1999.536923  -47.022
2015 12 09 18 00 00    342.75000 -6849.191757  -821.481788   254.102042  -47.086
2015 12 09 19 00 00    342.79167  4090.392560  5059.886916 -2346.055251  -47.121
2015 12 09 20 00 00    342.83333  1289.902381 -6118.162428  2945.622573  -47.174
2015 12 09 21 00 00    342.87500 -5809.998425  3334.885921 -1671.297822  -47.251
2015 12 09 22 00 00    342.91667  6709.777531  1553.241471  -670.604964  -47.305
2015 12 09 23 00 00    342.95833 -3342.151148 -5462.820448  2585.083018  -47.336
2015 12 10 00 00 00    343.00000 -2085.644733  5936.799142 -2852.783723  -47.390
2015 12 10 01 00 00    343.04167  6247.567899 -2672.431156  1301.598529  -47.463
2015 12 10 02 00 00    343.08333 -6431.577008 -2264.960690  1075.117682  -47.508
2015 12 10 03 00 00    343.12500  2601.122380  5778.563654 -2767.378568  -47.535
2015 12 10 04 00 00    343.16667  2915.214272 -5659.028339  2697.499848  -47.591
2015 12 10 05 00 00    343.20833 -6547.171002  1989.029676  -913.793806  -47.658
2015 12 10 06 00 00    343.25000  6092.338756  2939.672559 -1455.786931  -47.693
2015 12 10 07 00 00    343.29167 -1757.424445 -6019.204157  2897.564558  -47.718
2015 12 10 08 00 00    343.33333 -3635.854325  5316.150531 -2495.773073  -47.775
2015 12 10 09 00 00    343.37500  6785.361587 -1261.699930   500.050742  -47.834
2015 12 10 10 00 00    343.41667 -5618.359429 -3579.577932  1810.244954  -47.860
2015 12 10 11 00 00    343.45833   952.937989  6170.188406 -2968.490774  -47.885
2015 12 10 12 00 00    343.50000  4362.173750 -4879.094272  2234.485198  -47.941
2015 12 10 13 00 00    343.54167 -6881.793256   529.385861   -83.163301  -47.993
2015 12 10 14 00 00    343.58333  5103.005931  4160.291779 -2125.200421  -48.011
2015 12 10 15 00 00    343.62500   -65.257912 -6233.963083  2978.846018  -48.036
2015 12 10 16 00 00    343.66667 -4962.509664  4393.041918 -1939.598453  -48.091
2015 12 10 17 00 00    343.70833  6908.407396   221.456571  -341.324496  -48.133
2015 12 10 18 00 00    343.75000 -4460.229103 -4691.491544  2400.706924  -48.144
2015 12 10 19 00 00    343.79167  -752.356158  6212.463366 -2933.263296  -48.169
2015 12 10 20 00 00    343.83333  5541.467948 -3821.743511  1593.482008  -48.222
2015 12 10 21 00 00    343.87500 -6793.039383  -962.236188   754.193113  -48.254
2015 12 10 22 00 00    343.91667  3803.095095  5146.815051 -2625.595175  -48.260
2015 12 10 23 00 00    343.95833  1629.437314 -6094.821285  2822.523092  -48.286
2015 12 11 00 00 00    344.00000 -5983.304199  3218.427552 -1228.469102  -48.335
2015 12 11 01 00 00    344.04167  6609.604539  1694.331008 -1155.586301  -48.357
2015 12 11 02 00 00    344.08333 -3029.565135 -5537.991079  2799.340298  -48.358
2015 12 11 03 00 00    344.12500 -2409.356273  5902.049483 -2664.318669  -48.386
2015 12 11 04 00 00    344.16667  6380.675183 -2545.606223   825.549334  -48.429
2015 12 11 05 00 00    344.20833 -6286.873758 -2401.981236  1531.270173  -48.441
2015 12 11 06 00 00    344.25000  2273.202711  5843.551781 -2917.130165  -48.439
2015 12 11 07 00 00    344.29167  3221.858628 -5608.881680  2441.126511  -48.468
2015 12 11 08 00 00    344.33333 -6635.121781  1857.411019  -419.081521  -48.504
2015 12 11 09 00 00    344.37500  5908.238767  3074.567917 -1877.966438  -48.506
2015 12 11 10 00 00    344.41667 -1415.682047 -6070.884117  2974.360368  -48.503
2015 12 11 11 00 00    344.45833 -3915.682886  5254.881322 -2182.873856  -48.532
2015 12 11 12 00 00    344.50000  6828.836844 -1121.500399    -8.162963  -48.560
2015 12 11 13 00 00    344.54167 -5395.633985 -3708.528522  2185.874155  -48.554
2015 12 11 14 00 00    344.58333   608.078458  6210.370470 -2976.515875  -48.550
2015 12 11 15 00 00    344.62500  4613.955234 -4802.312289  1865.105685  -48.578
2015 12 11 16 00 00    344.66667 -6878.150774   385.872117   423.887010  -48.596
2015 12 11 17 00 00    344.70833  4848.637588  4284.547175 -2451.013007  -48.583
2015 12 11 18 00 00    344.75000   280.982344 -6259.117111  2911.869969  -48.580
2015 12 11 19 00 00    344.79167 -5178.450328  4305.545994 -1527.129611  -48.605
2015 12 11 20 00 00    344.83333  6859.619090   371.287524  -841.288594  -48.614
2015 12 11 21 00 00    344.87500 -4175.824472 -4807.561875  2665.643332  -48.594
2015 12 11 22 00 00    344.91667 -1089.351490  6224.922618 -2798.864015  -48.591
2015 12 11 23 00 00    344.95833  5720.608919 -3719.073450  1140.398239  -48.614
2015 12 12 00 00 00    345.00000 -6698.460301 -1113.569393  1232.973433  -48.612
2015 12 12 01 00 00    345.04167  3497.219676  5255.533520 -2829.134701  -48.587
2015 12 12 02 00 00    345.08333  1955.325217 -6090.524154  2616.933085  -48.586
2015 12 12 03 00 00    345.12500 -6120.177585  3105.701210  -749.301499  -48.603
2015 12 12 04 00 00    345.16667  6472.843940  1849.207669 -1607.535970  -48.591
2015 12 12 05 00 00    345.20833 -2704.312806 -5635.876950  2932.250072  -48.562
2015 12 12 06 00 00    345.25000 -2714.441006  5884.033155 -2398.112818  -48.562
2015 12 12 07 00 00    345.29167  6474.960516 -2418.713286   324.766938  -48.573
2015 12 12 08 00 00    345.33333 -6108.825447 -2556.043969  1943.379271  -48.551
2015 12 12 09 00 00    345.37500  1938.176930  5931.394353 -2982.192923  -48.521
2015 12 12 10 00 00    345.41667  3504.266815 -5572.631448  2113.145687  -48.521
2015 12 12 11 00 00    345.45833 -6683.739297  1721.545500    88.502800  -48.524
2015 12 12 12 00 00    345.50000  5694.293473  3228.915778 -2245.960637  -48.493
2015 12 12 13 00 00    345.54167 -1073.235214 -6144.916820  2964.449381  -48.462
2015 12 12 14 00 00    345.58333 -4167.378750  5204.178539 -1805.991174  -48.461
2015 12 12 15 00 00    345.62500  6832.521070  -973.304581  -516.811497  -48.456
2015 12 12 16 00 00    345.66667 -5147.738404 -3859.125889  2498.213284  -48.417
2015 12 12 17 00 00    345.70833   268.105539  6271.725580 -2897.878921  -48.385
2015 12 12 18 00 00    345.75000  4833.246184 -4732.463096  1440.741136  -48.384
2015 12 12 19 00 00    345.79167 -6835.994911   230.407572   919.250353  -48.369
2015 12 12 20 00 00    345.83333  4573.838808  4431.767129 -2705.789855  -48.323
2015 12 12 21 00 00    345.87500   616.007515 -6303.563270  2759.744412  -48.292
2015 12 12 22 00 00    345.91667 -5359.457764  4220.978531 -1069.576794  -48.287
2015 12 12 23 00 00    345.95833  6773.786429   536.341378 -1317.332798  -48.263
2015 12 13 00 00 00    346.00000 -3876.701309 -4947.453726  2853.078538  -48.211
2015 12 13 01 00 00    346.04167 -1410.070741  6254.256141 -2582.710624  -48.181
2015 12 13 02 00 00    346.08333  5862.113175 -3615.323547   653.374814  -48.173
2015 12 13 03 00 00    346.12500 -6569.807759 -1283.396296  1676.389753  -48.138
2015 12 13 04 00 00    346.16667  3182.070244  5388.113254 -2950.423008  -48.083
2015 12 13 05 00 00    346.20833  2259.249281 -6100.051030  2334.556288  -48.054
2015 12 13 06 00 00    346.25000 -6218.658826  2987.648264  -247.605886  -48.040
2015 12 13 07 00 00    346.29167  6305.190944  2024.997545 -2013.103353  -47.995
2015 12 13 08 00 00    346.33333 -2376.042387 -5757.015489  2979.625619  -47.938
2015 12 13 09 00 00    346.37500 -2993.522226  5876.406989 -2061.574613  -47.910
2015 12 13 10 00 00    346.41667  6530.039035 -2282.569158  -186.165818  -47.889
2015 12 13 11 00 00    346.45833 -5904.299575 -2733.211231  2299.238392  -47.835
2015 12 13 12 00 00    346.50000  1605.697723  6041.196710 -2960.308540  -47.776
2015 12 13 13 00 00    346.54167  3756.142313 -5542.899203  1722.894640  -47.749
2015 12 13 14 00 00    346.58333 -6694.159945  1572.412422   594.196870  -47.720
2015 12 13 15 00 00    346.62500  5458.368572  3407.646031 -2548.792094  -47.657
2015 12 13 16 00 00    346.66667  -739.587807 -6238.875243  2867.797884  -47.598
2015 12 13 17 00 00    346.70833 -4385.905778  5155.887792 -1375.832350  -47.570
2015 12 13 18 00 00    346.75000  6799.114986  -808.444316 -1010.982634  -47.533
2015 12 13 19 00 00    346.79167 -4883.341793 -4034.931527  2737.891193  -47.463
2015 12 13 20 00 00    346.83333   -57.954381  6350.467833 -2734.495129  -47.405
2015 12 13 21 00 00    346.87500  5016.410608 -4660.773922   973.630556  -47.375
2015 12 13 22 00 00    346.91667 -6759.441227    54.955591  1388.401839  -47.328
2015 12 13 23 00 00    346.95833  4287.831309  4604.155792 -2881.793042  -47.253
2015 12 14 00 00 00    347.00000   931.423950 -6362.145530  2526.606318  -47.196
2015 12 14 01 00 00    347.04167 -5503.350483  4130.224404  -580.104804  -47.163
2015 12 14 02 00 00    347.08333  6656.406595   723.867157 -1755.406470  -47.106
2015 12 14 03 00 00    347.12500 -3572.435037 -5111.835437  2957.236767  -47.027
2015 12 14 04 00 00    347.16667 -1707.022621  6294.166642 -2290.749893  -46.971
2015 12 14 05 00 00    347.20833  5965.374065 -3501.237814   146.582399  -46.934
2015 12 14 06 00 00    347.25000 -6413.747644 -1477.922340  2071.329592  -46.868
2015 12 14 07 00 00    347.29167  2867.280185  5543.781798 -2985.569843  -46.786
2015 12 14 08 00 00    347.33333  2534.777926 -6116.041846  1983.387103  -46.732
2015 12 14 09 00 00    347.37500 -6279.645674  2855.146197   262.042861  -46.689
2015 12 14 10 00 00    347.41667  6114.360546  2226.768856 -2360.217766  -46.614
2015 12 14 11 00 00    347.45833 -2054.252942 -5899.089148  2939.758995  -46.530
2015 12 14 12 00 00    347.50000 -3241.398863  5871.010035 -1664.224836  -46.477
2015 12 14 13 00 00    347.54167  6548.389221 -2128.396847  -692.277106  -46.427
2015 12 14 14 00 00    347.58333 -5681.817293 -2937.195811  2588.209795  -46.344
2015 12 14 15 00 00    347.62500  1284.832959  6169.267298 -2851.742032  -46.260
2015 12 14 16 00 00    347.66667  3973.668611 -5510.880501  1281.602079  -46.207
2015 12 14 17 00 00    347.70833 -6670.267344  1401.838035  1083.186415  -46.149
2015 12 14 18 00 00    347.75000  5209.593164  3613.104174 -2777.325407  -46.059
2015 12 14 19 00 00    347.79167  -423.193285 -6347.676095  2686.915751  -45.976
2015 12 14 20 00 00    347.83333 -4568.879703  5100.832482  -904.748086  -45.922
2015 12 14 21 00 00    347.87500  6733.916601  -619.535608 -1476.100239  -45.856
2015 12 14 22 00 00    347.91667 -4611.935211 -4236.758420  2897.607079  -45.759
2015 12 14 23 00 00    347.95833  -362.512815  6440.350835 -2490.770877  -45.678
2015 12 15 00 00 00    348.00000  5162.633704 -4577.909390   477.349696  -45.623
2015 12 15 01 00 00    348.04167 -6654.953582  -146.848771  1817.484795  -45.548
2015 12 15 02 00 00    348.08333  4000.217241  4801.070410 -2973.541642  -45.446
2015 12 15 03 00 00    348.12500  1220.683108 -6427.528024  2218.999288  -45.367
2015 12 15 04 00 00    348.16667 -5610.803232  4024.049622   -72.916109  -45.309
2015 12 15 05 00 00    348.20833  6515.037967   939.082661 -2142.492045  -45.225
2015 12 15 06 00 00    348.25000 -3272.506455 -5298.511508  2974.748264  -45.120
2015 12 15 07 00 00    348.29167 -1974.860740  6336.489461 -1931.193499  -45.043
2015 12 15 08 00 00    348.33333  6032.656049 -3367.920145  -365.137857  -44.981
2015 12 15 09 00 00    348.37500 -6238.647750 -1701.027713  2406.016333  -44.887
2015 12 15 10 00 00    348.41667  2561.945172  5718.949452 -2933.180421  -44.782
2015 12 15 11 00 00    348.45833  2777.931988 -6129.662061  1573.496362  -44.707
2015 12 15 12 00 00    348.50000 -6306.800049  2699.870611   764.727495  -44.638
2015 12 15 13 00 00    348.54167  5909.380254  2457.018474 -2638.453592  -44.537
2015 12 15 14 00 00    348.58333 -1747.442520 -6057.098536  2813.492884  -44.431
2015 12 15 15 00 00    348.62500 -3455.504149  5858.603228 -1217.442516  -44.358
2015 12 15 16 00 00    348.66667  6535.112070 -1948.665100 -1178.647313  -44.282
2015 12 15 17 00 00    348.70833 -5450.776451 -3168.970526  2801.551286  -44.173
2015 12 15 18 00 00    348.75000   983.252235  6309.418001 -2659.299548  -44.069
2015 12 15 19 00 00    348.79167  4155.838354 -5467.157113   802.073202  -43.996
2015 12 15 20 00 00    348.83333 -6618.327383  1203.282039  1541.042472  -43.913
2015 12 15 21 00 00    348.87500  4957.527378  3844.786385 -2924.549760  -43.798
2015 12 15 22 00 00    348.91667  -130.700323 -6464.016537  2426.805915  -43.696
2015 12 15 23 00 00    348.95833 -4716.770755  5029.661267  -406.388181  -43.622
2015 12 16 00 00 00    349.00000  6644.324470  -401.198506 -1898.358862  -43.530
2015 12 16 01 00 00    349.04167 -4342.970025 -4462.547309  2972.362719  -43.411
2015 12 16 02 00 00    349.08333  -640.096790  6533.212314 -2173.502522  -43.311
2015 12 16 03 00 00    349.12500  5273.977162 -4474.846045   -33.580272  -43.236
2015 12 16 04 00 00    349.16667 -6530.744858  -379.069661  2193.726626  -43.135
2015 12 16 05 00 00    349.20833  3720.107733  5019.032315 -2977.991546  -43.013
2015 12 16 06 00 00    349.25000  1479.660803 -6490.851179  1845.703116  -42.917
2015 12 16 07 00 00    349.29167 -5685.270482  3893.968472   437.157102  -42.837
2015 12 16 08 00 00    349.33333  6358.599438  1184.647957 -2466.997430  -42.729
2015 12 16 09 00 00    349.37500 -2985.445089 -5502.579553  2904.769209  -42.605
2015 12 16 10 00 00    349.41667 -2210.856338  6371.926103 -1514.303596  -42.511
2015 12 16 11 00 00    349.45833  6068.868716 -3207.680363  -866.710057  -42.427
2015 12 16 12 00 00    349.50000 -6053.806961 -1953.861257  2670.368728  -42.311
2015 12 16 13 00 00    349.54167  2273.801430  5907.495790 -2794.420237  -42.188
2015 12 16 14 00 00    349.58333  2987.528315 -6131.410603  1116.752487  -42.096
2015 12 16 15 00 00    349.62500 -6306.198347  2515.091590  1245.626560  -42.006
2015 12 16 16 00 00    349.66667  5699.758865  2715.392509 -2839.349796  -41.883
2015 12 16 17 00 00    349.70833 -1462.344869 -6223.785202  2604.218870  -41.761
2015 12 16 18 00 00    349.75000 -3636.124043  5829.716250  -734.151598  -41.670
2015 12 16 19 00 00    349.79167  6497.446271 -1737.818559 -1630.852802  -41.574
2015 12 16 20 00 00    349.83333 -5220.590371 -3426.627796  2932.690166  -41.444
2015 12 16 21 00 00    349.87500   706.537873  6453.497874 -2388.273358  -41.325
2015 12 16 22 00 00    349.91667  4304.524194 -5402.572771   298.323378  -41.235
2015 12 16 23 00 00    349.95833 -6546.400600   972.480169  1954.152750  -41.131
2015 12 17 00 00 00    350.00000  4711.286927  4099.335827 -2985.802127  -40.997
2015 12 17 01 00 00    350.04167   133.638529 -6579.020240  2094.840059  -40.881
2015 12 17 02 00 00    350.08333 -4832.843396  4933.720190   104.687371  -40.790
2015 12 17 03 00 00    350.12500  6539.144338  -150.596449 -2265.138747  -40.678
2015 12 17 04 00 00    350.16667 -4084.996425 -4707.507422  2959.629552  -40.541
2015 12 17 05 00 00    350.20833  -887.835316  6619.701176 -1791.704201  -40.428
2015 12 17 06 00 00    350.25000  5355.168087 -4343.724642  -544.117137  -40.336
2015 12 17 07 00 00    350.29167 -6396.012652  -643.048555  2505.826904  -40.215
2015 12 17 08 00 00    350.33333  3455.292938  5251.999933 -2894.646912  -40.077
2015 12 17 09 00 00    350.37500  1707.015135 -6542.534693  1417.494787  -39.968
2015 12 17 10 00 00    350.41667 -5732.651667  3733.049791   935.086175  -39.871
2015 12 17 11 00 00    350.45833  6196.541050  1460.371781 -2719.109082  -39.744
2015 12 17 12 00 00    350.50000 -2718.056795 -5716.838902  2749.029204  -39.606
2015 12 17 13 00 00    350.54167 -2415.131954  6390.890062 -1052.114349  -39.500
2015 12 17 14 00 00    350.58333  6081.094300 -3014.774575 -1343.270703  -39.398
2015 12 17 15 00 00    350.62500 -5868.594724 -2234.683349  2856.313704  -39.264
2015 12 17 16 00 00    350.66667  2008.525373  6101.292512 -2573.007016  -39.128
2015 12 17 17 00 00    350.70833  3165.266012 -6111.996289   626.485131  -39.024
2015 12 17 18 00 00    350.75000 -6285.755488  2296.329916  1690.455715  -38.917
2015 12 17 19 00 00    350.79167  5494.607506  2998.668317 -2956.674449  -38.776
2015 12 17 20 00 00    350.83333 -1203.325815 -6390.267140  2317.801013  -38.643
2015 12 17 21 00 00    350.87500 -3786.352592  5775.524309  -228.456130  -38.541
2015 12 17 22 00 00    350.91667  6444.082897 -1492.829906 -2035.398467  -38.426
2015 12 17 23 00 00    350.95833 -4999.821538 -3705.504178  2977.436028  -38.282
2015 12 18 00 00 00    351.00000   457.684949  6592.113413 -2046.313934  -38.152
2015 12 18 01 00 00    351.04167  4424.282635 -5309.091433  -214.829134  -38.050
2015 12 18 02 00 00    351.08333 -6463.584660   707.881964  2310.133606  -37.928
2015 12 18 03 00 00    351.12500  4478.705144  4370.802461 -2958.924548  -37.781
2015 12 18 04 00 00    351.16667   368.339156 -6683.034766  1700.562647  -37.655
2015 12 18 05 00 00    351.20833 -4922.836022  4805.868737   613.431003  -37.552
2015 12 18 06 00 00    351.25000  6427.762443   132.256100 -2565.388573  -37.423
2015 12 18 07 00 00    351.29167 -3844.881709 -4964.510808  2859.445260  -37.274
2015 12 18 08 00 00    351.33333 -1105.707810  6690.121779 -1356.367627  -37.153
2015 12 18 09 00 00    351.37500  5413.139191 -4178.600677 -1039.142250  -37.047
2015 12 18 10 00 00    351.41667 -6260.079746  -937.230441  2744.305598  -36.910
2015 12 18 11 00 00    351.45833  3211.530397  5491.880842 -2725.599429  -36.762
2015 12 18 12 00 00    351.50000  1904.288079 -6573.154032   946.846618  -36.645
2015 12 18 13 00 00    351.54167 -5760.726768  3536.586863  1406.091516  -36.534
2015 12 18 14 00 00    351.58333  6037.962169  1763.179527 -2891.095290  -36.391
2015 12 18 15 00 00    351.62500 -2474.807584 -5932.415235  2511.803953  -36.245
2015 12 18 16 00 00    351.66667 -2590.631788  6384.387760  -558.095877  -36.131
2015 12 18 17 00 00    351.70833  6077.911066 -2785.970205 -1780.613353  -36.015
2015 12 18 18 00 00    351.75000 -5691.580052 -2538.974307  2958.042857  -35.867
2015 12 18 19 00 00    351.79167  1769.220274  6290.916682 -2275.128635  -35.723
2015 12 18 20 00 00    351.83333  3315.545209 -6063.201682   117.100534  -35.612
2015 12 18 21 00 00    351.87500 -6254.474364  2041.810853  2085.898464  -35.490
2015 12 18 22 00 00    351.91667  5301.794013  3301.001420 -2986.626557  -35.337
2015 12 18 23 00 00    351.95833  -971.996381 -6546.830031  1962.425528  -35.198
2015 12 19 00 00 00    352.00000 -3911.785548  5688.673686   284.766178  -35.087
2015 12 19 01 00 00    352.04167  6384.342186 -1213.521575 -2380.125711  -34.959
2015 12 19 02 00 00    352.08333 -4795.390447 -3998.560463  2934.125788  -34.803
2015 12 19 03 00 00    352.12500   236.838431  6715.470745 -1643.230907  -34.668
2015 12 19 04 00 00    352.16667  4521.907106 -5180.557903  -722.199294  -34.557
2015 12 19 05 00 00    352.20833 -6379.156146   410.841342  2598.209708  -34.422
2015 12 19 06 00 00    352.25000  4265.610173  4651.144459 -2844.350595  -34.266
2015 12 19 07 00 00    352.29167   574.802860 -6766.507551  1255.427574  -34.135
2015 12 19 08 00 00    352.33333 -4994.407803  4641.163360  1104.751466  -34.022
2015 12 19 09 00 00    352.37500  6319.261577   444.447708 -2789.964381  -33.880
2015 12 19 10 00 00    352.41667 -3627.181257 -5224.705949  2674.436232  -33.724
2015 12 19 11 00 00    352.45833 -1296.528949  6735.318417  -880.159023  -33.598
2015 12 19 12 00 00    352.50000  5456.361377 -3976.022461 -1503.911595  -33.482
2015 12 19 13 00 00    352.54167 -6131.518641 -1257.256162  2901.800662  -33.334
2015 12 19 14 00 00    352.58333  2992.018385  5729.237801 -2475.493152  -33.180
2015 12 19 15 00 00    352.62500  2075.739163 -6574.309461   447.569438  -33.058
2015 12 19 16 00 00    352.66667 -5778.412760  3302.567308  1836.086609  -32.938
2015 12 19 17 00 00    352.70833  5890.758709  2087.347470 -2977.550788  -32.784
2015 12 19 18 00 00    352.75000 -2257.421888 -6139.545299  2199.812649  -32.633
2015 12 19 19 00 00    352.79167 -2742.828674  6344.853087   -46.769283  -32.514
2015 12 19 20 00 00    352.83333  6068.574325 -2520.881995 -2165.616987  -32.388
2015 12 19 21 00 00    352.87500 -5529.730881 -2859.800378  2972.204724  -32.231
2015 12 19 22 00 00    352.91667  1556.139152  6466.490320 -1909.287614  -32.084
2015 12 19 23 00 00    352.95833  3445.033126 -5978.653706  -396.340235  -31.967
2015 12 20 00 00 00    353.00000 -6221.589207  1752.671561  2420.012748  -31.835
2015 12 20 01 00 00    353.04167  5127.209163  3614.416426 -2927.969189  -31.675
2015 12 20 02 00 00    353.08333  -767.080274 -6683.802174  1548.379447  -31.533
2015 12 20 03 00 00    353.12500 -4019.978056  5563.978634   790.300362  -31.416
2015 12 20 04 00 00    353.16667  6327.288287  -902.625737 -2654.583410  -31.278
2015 12 20 05 00 00    353.20833 -4611.933466 -4296.984292  2803.696063  -31.116
2015 12 20 06 00 00    353.25000    41.294235  6814.262946 -1190.726724  -30.980
2015 12 20 07 00 00    353.29167  4605.770118 -5013.289143 -1208.686874  -30.862
2015 12 20 08 00 00    353.33333 -6301.690901    85.540285  2809.549543  -30.717
2015 12 20 09 00 00    353.37500  4075.285050  4930.926949 -2645.117752  -30.556
2015 12 20 10 00 00    353.41667   757.164993 -6820.859630   772.473966  -30.425
2015 12 20 11 00 00    353.45833 -5056.402019  4437.343449  1563.965400  -30.305
2015 12 20 12 00 00    353.50000  6221.561760   780.391553 -2931.914708  -30.154
2015 12 20 13 00 00    353.54167 -3433.721631 -5478.295743  2409.764142  -29.995
2015 12 20 14 00 00    353.58333 -1465.668502  6747.518179  -377.060563  -29.868
2015 12 20 15 00 00    353.62500  5494.029631 -3735.381744 -1924.499271  -29.745
2015 12 20 16 00 00    353.66667 -6017.341537 -1596.314444  2973.305798  -29.588
2015 12 20 17 00 00    353.70833  2797.104630  5954.125330 -2151.414395  -29.433
2015 12 20 18 00 00    353.75000  2227.924599 -6539.406445   -65.589144  -29.310
2015 12 20 19 00 00    353.79167 -5794.908762  3031.897408  2212.106556  -29.181
2015 12 20 20 00 00    353.83333  5760.878708  2424.983313 -2975.575548  -29.021
2015 12 20 21 00 00    353.87500 -2064.734279 -6328.450356  1822.041549  -28.870
2015 12 20 22 00 00    353.91667 -2879.192193  6266.857243   466.716551  -28.749
2015 12 20 23 00 00    353.95833  6062.130631 -2222.046317 -2486.644852  -28.615
2015 12 21 00 00 00    354.00000 -5387.758695 -3188.405495  2898.026698  -28.452
2015 12 21 01 00 00    354.04167  1366.671951  6618.569845 -1486.074726  -28.306
2015 12 21 02 00 00    354.08333  3562.016041 -5854.428327  -898.567442  -28.187
2015 12 21 03 00 00    354.12500 -6195.682068  1432.900804  2682.600601  -28.047
2015 12 21 04 00 00    354.16667  4974.213542  3929.498478 -2782.089573  -27.883
2015 12 21 05 00 00    354.20833  -584.550183 -6792.432440  1087.763321  -27.743
2015 12 21 06 00 00    354.25000 -4119.714703  5398.923284  1273.047454  -27.623
2015 12 21 07 00 00    354.29167  6280.864072  -565.575474 -2850.350753  -27.477
2015 12 21 08 00 00    354.33333 -4451.370471 -4590.961368  2589.679895  -27.314
2015 12 21 09 00 00    354.37500  -134.233106  6880.520435  -702.069053  -27.179
2015 12 21 10 00 00    354.41667  4685.014518 -4806.439915 -1659.729499  -27.058
2015 12 21 11 00 00    354.45833 -6238.244854  -261.349384  2937.546322  -26.906
2015 12 21 12 00 00    354.50000  3908.162211  5200.155247 -2366.804094  -26.745
2015 12 21 13 00 00    354.54167   921.887182 -6839.275550   265.949864  -26.615
2015 12 21 14 00 00    354.58333 -5117.993113  4195.072594  1977.242454  -26.491
2015 12 21 15 00 00    354.62500  6140.665590  1132.295650 -2986.703574  -26.334
2015 12 21 16 00 00    354.66667 -3263.436216 -5715.409181  2072.996789  -26.176
2015 12 21 17 00 00    354.70833 -1620.529459  6721.053105   138.034100  -26.051
2015 12 21 18 00 00    354.75000  5535.177349 -3459.002811 -2288.219611  -25.922
2015 12 21 19 00 00    354.79167 -5922.331696 -1945.723024  2956.340956  -25.762
2015 12 21 20 00 00    354.83333  2624.259653  6156.980597 -1762.708018  -25.608
2015 12 21 21 00 00    354.87500  2369.059166 -6464.273776  -577.379532  -25.486
2015 12 21 22 00 00    354.91667 -5818.808966  2728.357869  2522.707585  -25.353
2015 12 21 23 00 00    354.95833  5651.756102  2766.710371 -2884.882333  -25.190
2015 12 22 00 00 00    355.00000 -1892.810518 -6490.217916  1389.497365  -25.042
2015 12 22 01 00 00    355.04167 -3008.465176  6147.626245   967.033945  -24.922
2015 12 22 02 00 00    355.08333  6066.547418 -1894.725422 -2733.901693  -24.782
2015 12 22 03 00 00    355.12500 -5267.670464 -3514.975846  2737.362273  -24.618
2015 12 22 04 00 00    355.16667  1195.600911  6739.003141 -1017.876441  -24.476
2015 12 22 05 00 00    355.20833  3675.596214 -5689.431623 -1374.559467  -24.357
2015 12 22 06 00 00    355.25000 -6183.854818  1089.014449  2865.529286  -24.212
2015 12 22 07 00 00    355.29167  4843.317762  4236.222934 -2552.983485  -24.048
2015 12 22 08 00 00    355.33333  -418.022404 -6865.689330   594.145350  -23.912
2015 12 22 09 00 00    355.37500 -4220.158479  5193.919788  1718.480494  -23.791
2015 12 22 10 00 00    355.41667  6251.126736  -210.044999 -2961.302466  -23.641
2015 12 22 11 00 00    355.45833 -4312.724110 -4870.545235  2298.126605  -23.479
2015 12 22 12 00 00    355.50000  -297.098295  6908.344656  -191.710251  -23.349
2015 12 22 13 00 00    355.54167  4768.668466 -4562.107220 -2061.742973  -23.226
2015 12 22 14 00 00    355.58333 -6193.672282  -621.236719  2978.035563  -23.071
2015 12 22 15 00 00    355.62500  3761.782903  5449.166630 -2017.389449  -22.912
2015 12 22 16 00 00    355.66667  1077.129176 -6817.334894  -249.105407  -22.787
2015 12 22 17 00 00    355.70833 -5187.796346  3917.910472  2332.029832  -22.660
2015 12 22 18 00 00    355.75000  6080.079092  1490.839745 -2952.364776  -22.501
2015 12 22 19 00 00    355.79167 -3112.470799 -5926.986510  1673.905384  -22.348
2015 12 22 20 00 00    355.83333 -1769.830757  6652.892797   649.758674  -22.226
2015 12 22 21 00 00    355.87500  5587.801410 -3151.960286 -2584.014943  -22.095
2015 12 22 22 00 00    355.91667 -5848.579610 -2295.686788  2851.049960  -21.933
2015 12 22 23 00 00    355.95833  2468.319863  6329.486322 -1320.723484  -21.786
2015 12 23 00 00 00    356.00000  2508.218963 -6347.560390 -1072.504731  -21.667
2015 12 23 01 00 00    356.04167 -5857.266202  2398.293035  2758.324889  -21.530
2015 12 23 02 00 00    356.08333  5563.976577  3102.493567 -2707.829259  -21.368
2015 12 23 03 00 00    356.12500 -1735.328932 -6617.609583   914.896400  -21.226
2015 12 23 04 00 00    356.16667 -3139.814534  5987.315785  1439.137437  -21.108
2015 12 23 05 00 00    356.20833  6087.939368 -1546.458361 -2899.738724  -20.966
2015 12 23 06 00 00    356.25000 -5168.571300 -3829.507781  2494.661142  -20.804
2015 12 23 07 00 00    356.29167  1035.603136  6821.673894  -518.523194  -20.669
2015 12 23 08 00 00    356.33333  3794.807868 -5485.520137 -1809.995932  -20.551
2015 12 23 09 00 00    356.37500 -6191.034595   729.494978  2962.993874  -20.404
2015 12 23 10 00 00    356.41667  4732.127751  4524.847589 -2247.162992  -20.244
2015 12 23 11 00 00    356.45833  -259.375024 -6898.905754    82.166483  -20.115
2015 12 23 12 00 00    356.50000 -4329.957386  4952.296371  2113.088875  -19.995
2015 12 23 13 00 00    356.54167  6241.655994   154.719914 -2983.808673  -19.843
2015 12 23 14 00 00    356.58333 -4192.209661 -5126.545649  1937.445633  -19.686
2015 12 23 15 00 00    356.62500  -456.014024  6894.455131   325.135597  -19.563
2015 12 23 16 00 00    356.66667  4864.766460 -4285.162267 -2402.535222  -19.440
2015 12 23 17 00 00    356.70833 -6170.146277  -984.363623  2929.442415  -19.284
2015 12 23 18 00 00    356.75000  3631.027828  5669.498317 -1607.043146  -19.132
2015 12 23 19 00 00    356.79167  1231.957448 -6753.425055  -757.307645  -19.013
2015 12 23 20 00 00    356.83333 -5273.023322  3612.015820  2617.442763  -18.886
2015 12 23 21 00 00    356.87500  6040.463177  1845.997601 -2829.582652  -18.728
2015 12 23 22 00 00    356.91667 -2974.551546 -6105.595494  1224.192756  -18.582
2015 12 23 23 00 00    356.95833 -1922.759896  6542.935666  1142.734235  -18.466
2015 12 24 00 00 00    357.00000  5658.079823 -2821.641187 -2802.797294  -18.334
2015 12 24 01 00 00    357.04167 -5795.268906 -2636.163977  2660.221506  -18.175
2015 12 24 02 00 00    357.08333  2321.980488  6465.324851  -838.496349  -18.036
2015 12 24 03 00 00    357.12500  2654.458555 -6190.872184 -1536.080571  -17.922
2015 12 24 04 00 00    357.16667 -5915.284977  2050.060535  2911.577549  -17.785
2015 12 24 05 00 00    357.20833  5495.208472  3422.531853 -2449.375346  -17.626
2015 12 24 06 00 00    357.25000 -1584.188626 -6705.718796   412.297626  -17.493
2015 12 24 07 00 00    357.29167 -3281.934971  5789.015420  1868.722323  -17.379
2015 12 24 08 00 00    357.33333  6129.964268 -1186.398919 -2978.897399  -17.237
2015 12 24 09 00 00    357.37500 -5086.738349 -4122.699303  2176.861623  -17.081
2015 12 24 10 00 00    357.41667   877.955863  6863.062282    -2.887775  -16.955
2015 12 24 11 00 00    357.45833  3927.734490 -5247.347710 -2191.693008  -16.840
2015 12 24 12 00 00    357.50000 -6219.478821   364.045433  2971.713030  -16.693
2015 12 24 13 00 00    357.54167  4635.562628  4786.785135 -1873.488434  -16.540
2015 12 24 14 00 00    357.58333   -99.533538 -6890.207806  -432.891928  -16.420
2015 12 24 15 00 00    357.62500 -4456.392300  4680.014170  2444.796830  -16.302
2015 12 24 16 00 00    357.66667  6253.191154   518.720455 -2916.863443  -16.152
2015 12 24 17 00 00    357.70833 -4083.589423 -5351.352922  1518.177310  -16.004
2015 12 24 18 00 00    357.75000  -620.205353  6838.496618   832.945676  -15.889
2015 12 24 19 00 00    357.79167  4979.558649 -3982.824241 -2671.681181  -15.767
2015 12 24 20 00 00    357.83333 -6166.927912 -1340.669592  2792.853668  -15.614
2015 12 24 21 00 00    357.87500  3508.600209  5854.650437 -1147.842645  -15.473
2015 12 24 22 00 00    357.91667  1395.463510 -6648.894957 -1243.389228  -15.361
2015 12 24 23 00 00    357.95833 -5378.763103  3285.606243  2824.608511  -15.235
2015 12 25 00 00 00    358.00000  6019.549901  2187.929469 -2621.696205  -15.081
2015 12 25 01 00 00    358.04167 -2841.583201 -6246.101778   737.159225  -14.946
2015 12 25 02 00 00    358.08333 -2088.073880  6394.029161  1602.036102  -14.837
2015 12 25 03 00 00    358.12500  5749.755550 -2477.090673 -2937.733906  -14.707
2015 12 25 04 00 00    358.16667 -5758.734119 -2957.760820  2389.231670  -14.553
2015 12 25 05 00 00    358.20833  2176.494761  6560.751644  -330.373142  -14.425
2015 12 25 06 00 00    358.25000  2815.924706 -5998.634389 -1954.087158  -14.317
2015 12 25 07 00 00    358.29167 -5995.211423  1693.290992  2977.510960  -14.181
2015 12 25 08 00 00    358.33333  5440.407495  3718.134697 -2116.958781  -14.030
2015 12 25 09 00 00    358.37500 -1430.289394 -6752.415515  -103.309893  -13.909
2015 12 25 10 00 00    358.41667 -3442.189523  5558.479416  2242.666079  -13.800
2015 12 25 11 00 00    358.45833  6193.445777  -824.500910 -2968.684861  -13.660
2015 12 25 12 00 00    358.50000 -5015.961410 -4386.782256  1793.206963  -13.513
2015 12 25 13 00 00    358.54167   713.380286  6862.567460   513.554749  -13.398
2015 12 25 14 00 00    358.58333  4080.710114 -4981.951626 -2508.007409  -13.287
2015 12 25 15 00 00    358.62500 -6268.527800     2.725898  2891.051599  -13.143
2015 12 25 16 00 00    358.66667  4546.327497  5015.374277 -1442.927635  -13.001
2015 12 25 17 00 00    358.70833    70.648532 -6840.685648  -935.564818  -12.892
2015 12 25 18 00 00    358.75000 -4604.646647  4385.137341  2703.342691  -12.777
2015 12 25 19 00 00    358.79167  6283.532536   872.097280 -2762.137795  -12.632
2015 12 25 20 00 00    358.83333 -3978.760805 -5539.620550  1052.695879  -12.495
2015 12 25 21 00 00    358.87500  -798.507962  6743.075172  1316.357603  -12.390
2015 12 25 22 00 00    358.91667  5116.882942 -3664.014300 -2860.847359  -12.272
2015 12 25 23 00 00    358.95833 -6180.407854 -1680.689619  2572.011276  -12.125
2015 12 26 00 00 00    359.00000  3385.718593  6000.671449  -653.429668  -11.996
2015 12 26 01 00 00    359.04167  1575.874059 -6507.933545 -1692.661127  -11.893
2015 12 26 02 00 00    359.08333 -5507.457570  2948.223670  2946.953047  -11.771
2015 12 26 03 00 00    359.12500  6012.333577  2507.862384 -2334.625193  -11.624
2015 12 26 04 00 00    359.16667 -2704.423352 -6346.129227   227.315242  -11.502
2015 12 26 05 00 00    359.20833 -2273.232686  6211.714719  2013.652696  -11.401
2015 12 26 06 00 00    359.25000  5863.745114 -2128.201282 -2984.468231  -11.274
2015 12 26 07 00 00    359.29167 -5732.787371 -3252.571437  2045.908091  -11.130
2015 12 26 08 00 00    359.33333  2022.515783  6614.932383   188.410083  -11.015
2015 12 26 09 00 00    359.37500  2999.049762 -5777.690798 -2313.797406  -10.914
2015 12 26 10 00 00    359.41667 -6096.469668  1338.025556  2953.769037  -10.783
2015 12 26 11 00 00    359.45833  5392.278696  3982.500819 -1720.299601  -10.642
2015 12 26 12 00 00    359.50000 -1264.411448 -6758.534338  -616.452957  -10.534
2015 12 26 13 00 00    359.54167 -3625.868232  5303.607381  2549.438477  -10.432
2015 12 26 14 00 00    359.58333  6276.259870  -470.625605 -2869.075704  -10.297
2015 12 26 15 00 00    359.62500 -4948.120770 -4616.216856  1354.989306  -10.162
2015 12 26 16 00 00    359.66667   532.945861  6822.559111  1015.192388  -10.059
2015 12 26 17 00 00    359.70833  4257.679903 -4698.115418 -2749.196763   -9.954
2015 12 26 18 00 00    359.75000 -6334.630269  -344.947837  2723.065544   -9.817
2015 12 26 19 00 00    359.79167  4455.599393  5206.476343  -968.247546   -9.688
2015 12 26 20 00 00    359.83333   259.496045 -6754.288578 -1410.670193   -9.590
2015 12 26 21 00 00    359.87500 -4777.267704  4077.104394  2880.606838   -9.482
2015 12 26 22 00 00    359.91667  6327.718552  1206.014566 -2523.954687   -9.343
2015 12 26 23 00 00    359.95833 -3868.524948 -5688.740832   554.852423   -9.221
2015 12 27 00 00 00    360.00000  -998.494781  6613.517251  1760.639925   -9.127
2015 12 27 01 00 00    360.04167  5277.759585 -3338.549000 -2964.056512   -9.014
2015 12 27 02 00 00    360.08333 -6204.418994 -1996.401762  2273.226211   -8.877
2015 12 27 03 00 00    360.12500  3252.956427  6106.509178  -138.612792   -8.762
2015 12 27 04 00 00    360.16667  1779.736421 -6337.182775 -2091.460979   -8.670
2015 12 27 05 00 00    360.20833 -5658.622010  2609.872874  2980.421340   -8.553
2015 12 27 06 00 00    360.25000  6011.521345  2798.876181 -1976.718665   -8.417
2015 12 27 07 00 00    360.29167 -2553.761434 -6406.265153  -290.047992   -8.310
2015 12 27 08 00 00    360.33333 -2483.647341  6003.719218  2364.921630   -8.219
2015 12 27 09 00 00    360.37500  5998.010006 -1784.820266 -2941.269853   -8.098
2015 12 27 10 00 00    360.41667 -5709.285775 -3514.883968  1640.318156   -7.966
2015 12 27 11 00 00    360.45833  1851.003185  6630.009597   702.183229   -7.866
2015 12 27 12 00 00    360.50000  3207.900800 -5536.676005 -2604.169444   -7.773
2015 12 27 13 00 00    360.54167 -6215.571553   993.810980  2840.690394   -7.649
2015 12 27 14 00 00    360.58333  5341.954957  4211.325377 -1271.130643   -7.522
2015 12 27 15 00 00    360.62500 -1078.112994 -6727.786386 -1111.639826   -7.429
2015 12 27 16 00 00    360.66667 -3835.635920  5033.721759  2779.467252   -7.334
2015 12 27 17 00 00    360.70833  6373.497560  -133.653837 -2682.736454   -7.207
2015 12 27 18 00 00    360.75000 -4873.950106 -4808.182169   875.227538   -7.086
2015 12 27 19 00 00    360.79167   328.950327  6748.150682  1486.752338   -6.998
2015 12 27 20 00 00    360.83333  4459.780853 -4405.566823 -2907.725593   -6.900
2015 12 27 21 00 00    360.87500 -6411.641967  -670.859545  2472.466684   -6.772
2015 12 27 22 00 00    360.91667  4353.864093  5358.839556  -463.645939   -6.659
2015 12 27 23 00 00    360.95833   473.689551 -6637.452325 -1843.771342   -6.575
2015 12 28 00 00 00    361.00000 -4973.871932  3765.867808  2970.877961   -6.473
2015 12 28 01 00 00    361.04167  6378.464301  1513.453196 -2209.185279   -6.346
2015 12 28 02 00 00    361.08333 -3743.465111 -5799.066909    39.567676   -6.240
2015 12 28 03 00 00    361.12500 -1225.713758  6457.372279  2152.148849   -6.159
2015 12 28 04 00 00    361.16667  5460.247558 -3016.247539 -2977.884679   -6.053
2015 12 28 05 00 00    361.20833 -6230.793265 -2281.944640  1905.213539   -5.928
2015 12 28 06 00 00    361.25000  3101.150770  6174.092003   381.072266   -5.830
2015 12 28 07 00 00    361.29167  2011.256235 -6145.119916 -2427.573216   -5.749
2015 12 28 08 00 00    361.33333 -5828.839370  2280.112907  2923.624096   -5.640
2015 12 28 09 00 00    361.37500  6008.203504  3056.520870 -1558.528466   -5.518
2015 12 28 10 00 00    361.41667 -2381.020542 -6429.989038  -799.316928   -5.428
2015 12 28 11 00 00    361.45833 -2722.114598  5779.239022  2644.928953   -5.347
2015 12 28 12 00 00    361.50000  6147.704817 -1455.857682 -2809.108623   -5.234
2015 12 28 13 00 00    361.54167 -5678.888467 -3741.685466  1184.485885   -5.117
2015 12 28 14 00 00    361.58333  1654.109588  6610.889896  1195.317748   -5.034
2015 12 28 15 00 00    361.62500  3443.746516 -5285.218334 -2816.190955   -4.951
2015 12 28 16 00 00    361.66667 -6346.401262   668.836616  2641.324667   -4.836
2015 12 28 17 00 00    361.70833  5279.830407  4403.176917  -782.862939   -4.726
2015 12 28 18 00 00    361.75000  -864.561314 -6666.401277 -1573.830865   -4.648
2015 12 28 19 00 00    361.79167 -4071.222773  4758.708810  2925.447645   -4.563
2015 12 28 20 00 00    361.83333  6477.890991   179.314440 -2414.970936   -4.447
2015 12 28 21 00 00    361.87500 -4783.914251 -4962.814525   368.287608   -4.344
2015 12 28 22 00 00    361.91667    95.692013  6646.713318  1913.772653   -4.271
2015 12 28 23 00 00    361.95833  4685.183212 -4114.085043 -2978.507886   -4.182
2015 12 29 00 00 00    362.00000 -6491.371762  -969.021264  2146.506781   -4.066
2015 12 29 01 00 00    362.04167  4231.826428  5474.194295    55.666876   -3.971
2015 12 29 02 00 00    362.08333   717.591350 -6498.491981 -2221.619900   -3.901
2015 12 29 03 00 00    362.12500 -5191.124201  3460.981887  2971.049123   -3.808
2015 12 29 04 00 00    362.16667  6426.823027  1789.838157 -1827.067711   -3.695
2015 12 29 05 00 00    362.20833 -3594.852921 -5873.858130  -477.613222   -3.608
2015 12 29 06 00 00    362.25000 -1483.109806  6283.703719  2478.756404   -3.539
2015 12 29 07 00 00    362.29167  5659.578008 -2706.035662 -2901.584645   -3.443
2015 12 29 08 00 00    362.33333 -6250.112594 -2534.136346  1478.851933   -3.333
2015 12 29 09 00 00    362.37500  2922.294938  6208.129900   889.831545   -3.254
2015 12 29 10 00 00    362.41667  2271.850499 -5941.265953 -2690.608294   -3.185
2015 12 29 11 00 00    362.45833 -6012.031179  1967.186334  2777.905794   -3.086
2015 12 29 12 00 00    362.50000  5992.682792  3279.205848 -1092.512472   -2.981
2015 12 29 13 00 00    362.54167 -2179.197225 -6423.329361 -1285.028825   -2.909
2015 12 29 14 00 00    362.58333 -2988.493255  5548.082771  2844.858716   -2.840
2015 12 29 15 00 00    362.62500  6305.590458 -1148.478452 -2591.650016   -2.738
2015 12 29 16 00 00    362.66667 -5631.933646 -3932.916191   692.044664   -2.639
2015 12 29 17 00 00    362.70833  1425.962809  6564.769466  1652.707269   -2.574
2015 12 29 18 00 00    362.75000  3704.883754 -5033.047313 -2943.165222   -2.502
2015 12 29 19 00 00    362.79167 -6480.750702   369.194599  2361.367138   -2.399
2015 12 29 20 00 00    362.83333  5196.471755  4559.606239  -270.194197   -2.308
2015 12 29 21 00 00    362.87500  -619.218628 -6582.531158 -1988.899331   -2.247
2015 12 29 22 00 00    362.91667 -4329.389024  4488.103146  2982.585993   -2.172
2015 12 29 23 00 00    362.95833  6580.465388   463.597648 -2073.586528   -2.070
2015 12 30 00 00 00    363.00000 -4669.119981 -5083.169169  -150.543782   -1.986
2015 12 30 01 00 00    363.04167  -169.939617  6527.174448  2283.054187   -1.929
2015 12 30 02 00 00    363.08333  4929.209221 -3832.600302 -2959.079128   -1.851
2015 12 30 03 00 00    363.12500 -6564.326280 -1236.105887  1754.782695   -1.750
2015 12 30 04 00 00    363.16667  4081.308780  5557.067679   573.924194   -1.676
2015 12 30 05 00 00    363.20833   992.784567 -6346.816398 -2532.565947   -1.621
2015 12 30 06 00 00    363.25000 -5422.995321  3170.724316  2880.737113   -1.539
2015 12 30 07 00 00    363.29167  6463.010514  2033.439825 -1388.951778   -1.442
2015 12 30 08 00 00    363.33333 -3415.497156 -5918.951684  -980.990376   -1.375
2015 12 30 09 00 00    363.37500 -1770.687205  6102.234234  2730.236181   -1.321
2015 12 30 10 00 00    363.41667  5868.554353 -2415.129878 -2737.131731   -1.236
2015 12 30 11 00 00    363.45833 -6252.584975 -2752.744095  1006.873261   -1.144
2015 12 30 12 00 00    363.50000  2710.330440  6215.651592  1372.096295   -1.085
2015 12 30 13 00 00    363.54167  2559.959221 -5735.293563 -2872.329579   -1.030
2015 12 30 14 00 00    363.58333 -6199.982222  1677.268391  2547.330845   -0.943
2015 12 30 15 00 00    363.62500  5955.386087  3468.322038  -592.674747   -0.857
2015 12 30 16 00 00    363.66667 -1943.559588 -6394.278995 -1732.344696   -0.805
2015 12 30 17 00 00    363.70833 -3279.654722  5319.753002  2958.281704   -0.748
2015 12 30 18 00 00    363.75000  6462.676067  -867.454514 -2295.170543   -0.659
2015 12 30 19 00 00    363.79167 -5559.353826 -4091.447036   177.835408   -0.581
2015 12 30 20 00 00    363.83333  1163.268765  6500.440634  2060.237781   -0.534
2015 12 30 21 00 00    363.87500  3986.741581 -4789.088824 -2980.930444   -0.474
2015 12 30 22 00 00    363.91667 -6609.057612    98.333840  2009.011988   -0.386
2015 12 30 23 00 00    363.95833  5083.522204  4684.974257   251.328716   -0.316
2015 12 31 00 00 00    364.00000  -340.317203 -6485.471525 -2344.067799   -0.274
2015 12 31 01 00 00    364.04167 -4604.169450  4230.201792  2948.769458   -0.211
2015 12 31 02 00 00    364.08333  6671.357825   717.345955 -1668.683335   -0.124
2015 12 31 03 00 00    364.12500 -4522.173963 -5174.906414  -665.519269   -0.063
2015 12 31 04 00 00    364.16667  -468.112671  6399.165956  2583.078113   -0.023
2015 12 31 05 00 00    364.20833  5184.720019 -3568.369893 -2849.692469    0.044
2015 12 31 06 00 00    364.25000 -6620.584697 -1471.731695  1308.966753    0.126
2015 12 31 07 00 00    364.29167  3896.052546  5614.332387  1075.282984    0.180
2015 12 31 08 00 00    364.33333  1297.869880 -6192.037013 -2766.922543    0.219
2015 12 31 09 00 00    364.37500 -5661.276151  2901.334390  2702.320594    0.288
2015 12 31 10 00 00    364.41667  6477.316384  2245.509179  -907.975227    0.366
2015 12 31 11 00 00    364.45833 -3200.454419 -5942.189434 -1455.188378    0.411
2015 12 31 12 00 00    364.50000 -2085.446390  5922.424963  2898.594253    0.450
2015 12 31 13 00 00    364.54167  6078.183811 -2148.378880 -2489.189532    0.522
2015 12 31 14 00 00    364.58333 -6228.963978 -2940.476873   503.490408    0.593
2015 12 31 15 00 00    364.62500  2461.762181  6205.319467  1813.005534    0.631
2015 12 31 16 00 00    364.66667  2871.134943 -5536.117916 -2966.918162    0.672
2015 12 31 17 00 00    364.70833 -6383.071951  1413.907754  2238.586826    0.745
2015 12 31 18 00 00    364.75000  5887.773163  3628.082783   -74.152235    0.809
2015 12 31 19 00 00    364.79167 -1672.136896 -6352.022814 -2127.507034    0.841
2015 12 31 20 00 00    364.83333 -3589.714829  5102.553076  2981.374071    0.885
2015 12 31 21 00 00    364.87500  6609.031534  -614.739131 -1928.393946    0.957
2015 12 31 22 00 00    364.91667 -5453.542978 -4222.779795  -342.538030    1.013
2015 12 31 23 00 00    364.95833   865.676386  6427.443677  2405.232040    1.041
